cat 0.9946 44 42 156 112
cat 0.534 46 40 150 113
cat 0.994 48 42 152 112
cat 0.8486 51 39 150 110
cat 0.8286 49 38 153 109
octopus 1.0 162 38 267 122
octopus 1.0 162 32 267 121
octopus 0.546 161 27 264 116
octopus 0.9995 161 27 265 120
octopus 1.0 162 36 267 123
cat 0.9995 42 39 152 110
cat 0.995 46 40 157 109
cat 1.0 44 40 154 111
cat 1.0 44 39 153 111
cat 0.995 44 39 153 109
cat 1.0 44 39 153 112
cat 1.0 43 39 153 112
cat 0.9565 44 39 153 110
cat 1.0 39 37 151 111
cat 0.9927 42 38 152 109
octopus 0.9697 165 31 265 116
octopus 1.0 162 29 266 115
octopus 0.9995 163 30 261 115
octopus 0.9937 165 33 269 118
octopus 1.0 165 32 269 118
octopus 1.0 167 33 269 119
octopus 1.0 168 32 267 118
octopus 0.9976 158 29 267 121
octopus 1.0 159 32 265 117
octopus 1.0 158 29 264 121
cat 0.998 45 46 160 116
cat 0.9956 45 39 156 111
cat 1.0 45 37 157 110
cat 0.992 39 45 151 114
cat 0.9956 41 38 153 111
cat 1.0 39 37 154 112
cat 0.9556 44 39 155 110
cat 0.9585 43 40 155 109
cat 0.783 43 41 154 109
octopus 1.0 161 33 265 121
octopus 0.9424 159 34 260 121
octopus 1.0 169 33 267 119
octopus 0.9907 167 34 265 118
octopus 1.0 167 31 265 118
octopus 0.9995 160 27 262 113
octopus 0.9966 160 26 263 117
elephant 0.6377 128 86 206 142
elephant 0.9697 126 85 207 142
elephant 0.802 126 86 207 141
elephant 0.9604 128 86 207 142
elephant 0.9995 128 85 210 141
elephant 1.0 127 86 212 142
elephant 0.9556 130 87 212 147
elephant 0.998 129 85 216 145
elephant 0.9697 130 88 212 145
rat 0.845 7 96 126 174
elephant 0.719 127 86 209 142
elephant 1.0 128 85 211 142
elephant 1.0 130 87 212 143
elephant 0.997 129 88 214 146
elephant 0.6846 130 86 216 147
elephant 1.0 128 87 215 146
elephant 1.0 129 87 214 145
elephant 0.998 129 86 214 148
elephant 1.0 126 86 216 147
elephant 1.0 128 86 216 146
elephant 0.72 139 86 221 146
elephant 0.893 138 87 222 145
rat 0.9795 9 98 132 180
rat 0.9834 6 98 126 175
rat 0.7334 6 99 122 176
rat 0.9873 13 99 135 181
rat 0.9414 10 99 130 178
rat 0.8643 9 100 132 179
rat 0.987 14 99 138 181
rat 0.7397 18 100 136 180
elephant 0.9067 131 87 213 146
elephant 0.979 132 91 212 148
elephant 0.878 133 90 215 148
rat 0.972 7 104 130 182
rat 0.9824 3 103 128 185
rat 0.9517 12 103 132 182
rat 0.9663 10 105 132 182
rat 0.9067 17 100 135 185
rabbit 0.8604 66 155 151 235
rabbit 1.0 75 161 166 242
rabbit 0.9985 69 162 169 245
rabbit 0.9883 75 163 169 242
penguin 0.9927 68 181 122 247
penguin 0.6553 67 180 127 242
rabbit 0.987 78 172 145 244
penguin 0.633 72 166 151 252
rabbit 0.9985 83 173 153 241
rabbit 0.5273 79 172 155 239
rabbit 0.996 75 163 168 246
rabbit 1.0 77 165 167 246
rabbit 1.0 77 164 168 245
rabbit 1.0 79 166 165 244
rabbit 0.9927 71 164 166 247
rabbit 0.999 75 165 165 246
rabbit 1.0 69 166 166 247
rabbit 0.89 71 166 167 246
monkey 0.9956 33 205 92 261
monkey 0.99 34 203 93 260
monkey 0.509 42 195 97 256
penguin 0.84 48 198 100 253
penguin 0.8394 52 196 101 253
penguin 0.9844 63 184 114 246
penguin 0.9995 64 187 116 246
penguin 0.992 62 188 114 247
penguin 0.9844 79 180 140 245
penguin 0.645 78 180 139 245
rabbit 0.567 75 166 168 248
rabbit 1.0 72 166 168 249
rabbit 1.0 74 164 163 246
rabbit 1.0 76 164 153 242
rabbit 0.826 72 164 167 243
rabbit 1.0 71 163 165 242
rabbit 0.9985 71 162 166 242
rabbit 0.9585 72 162 165 242
monkey 0.9995 36 206 94 260
monkey 1.0 32 205 96 263
monkey 1.0 31 203 95 262
monkey 0.999 33 204 96 262
monkey 0.918 36 198 98 261
monkey 0.994 35 201 95 260
monkey 0.9985 35 202 91 259
penguin 0.8486 57 191 110 249
penguin 0.693 55 194 110 250
penguin 0.703 51 197 108 254
rabbit 0.9272 75 169 169 249
rabbit 0.9385 75 168 167 248
monkey 0.9995 31 204 95 258
monkey 0.999 31 206 95 260
monkey 0.957 33 203 97 263
monkey 0.9443 32 205 98 263
