monkey 0.936 154 33 264 139
monkey 0.9995 151 35 271 143
monkey 1.0 155 34 280 143
monkey 1.0 147 37 272 145
monkey 0.999 158 29 274 140
monkey 1.0 154 30 274 138
monkey 1.0 157 31 274 140
monkey 1.0 150 30 269 139
monkey 0.681 152 34 277 146
monkey 0.959 155 33 273 137
monkey 0.9976 158 39 273 139
monkey 0.9985 150 33 268 140
tiger 0.638 45 99 157 162
tiger 1.0 45 100 161 164
tiger 0.721 45 102 158 161
tiger 1.0 43 103 159 163
tiger 1.0 46 102 165 164
tiger 0.987 49 98 161 161
tiger 1.0 44 99 159 164
tiger 1.0 46 99 160 164
tiger 1.0 46 101 162 163
tiger 1.0 48 101 159 164
tiger 1.0 44 100 169 163
tiger 1.0 46 101 165 164
tiger 0.9834 51 100 170 168
goat 0.9956 128 132 242 229
goat 0.9976 128 131 241 233
goat 0.998 130 128 243 234
goat 0.8545 131 128 244 231
goat 0.857 126 135 241 232
goat 1.0 128 137 241 236
goat 1.0 130 133 245 235
goat 1.0 133 134 245 235
goat 0.999 127 136 241 234
goat 0.99 128 132 240 232
goat 0.9775 126 130 240 235
goat 0.998 130 130 242 232
goat 0.59 137 139 242 235
monkey 0.9688 160 34 274 143
monkey 1.0 156 29 271 135
monkey 1.0 153 30 269 138
monkey 1.0 152 37 267 143
monkey 0.9995 149 32 268 138
goat 1.0 132 124 251 226
goat 0.9995 126 126 244 228
goat 0.9995 129 126 245 228
goat 0.9985 129 130 244 231
monkey 1.0 151 30 270 138
goat 0.976 118 115 235 218
goat 0.6084 117 130 230 223
goat 0.837 118 130 232 233
