rabbit 1.0 155 104 241 178
rabbit 0.67 151 102 243 180
rabbit 0.8594 153 102 244 179
rabbit 1.0 152 101 239 178
rabbit 0.996 152 103 238 179
rabbit 0.9995 148 101 241 181
rabbit 0.9453 149 97 241 178
rabbit 1.0 153 100 244 179
rabbit 1.0 154 103 242 179
rabbit 1.0 156 101 244 177
rabbit 1.0 156 102 242 178
rabbit 1.0 152 104 242 179
rabbit 1.0 153 107 239 179
rabbit 1.0 153 104 239 179
rabbit 1.0 154 103 238 178
rabbit 1.0 145 102 237 179
rabbit 0.602 148 101 236 177
rabbit 1.0 147 104 235 179
rabbit 0.998 148 104 236 178
rabbit 0.985 154 101 246 177
rabbit 1.0 153 100 247 177
rabbit 1.0 156 99 246 176
rabbit 1.0 158 98 245 176
rabbit 0.998 150 101 242 177
rabbit 1.0 153 102 240 175
rabbit 1.0 153 99 241 177
rabbit 1.0 153 97 240 177
rabbit 0.9526 145 100 236 176
rabbit 0.976 142 97 232 175
rabbit 0.9956 145 100 235 175
rabbit 0.636 147 101 235 176
rabbit 0.987 153 99 242 178
rabbit 0.9995 154 97 238 168
