elephant 0.7456 116 237 186 288
elephant 0.999 114 238 185 288
elephant 0.9497 112 236 186 287
elephant 0.9976 113 239 186 288
elephant 1.0 111 237 185 288
elephant 0.999 112 237 185 287
elephant 0.7637 111 236 177 287
elephant 0.943 117 236 184 286
elephant 1.0 116 237 186 287
elephant 1.0 114 236 186 286
elephant 1.0 113 238 186 287
elephant 1.0 113 237 186 288
elephant 1.0 114 236 185 287
elephant 1.0 111 237 184 287
elephant 1.0 110 235 183 287
elephant 0.9956 113 233 185 283
elephant 0.9995 114 232 185 283
