cheetah 0.8066 222 83 309 132
cheetah 0.9995 214 86 309 135
cheetah 1.0 215 85 309 136
cheetah 0.9995 214 86 311 136
cheetah 1.0 213 86 310 134
cheetah 1.0 215 86 312 136
cheetah 1.0 213 86 311 136
cheetah 0.9995 218 84 308 134
cheetah 1.0 219 84 310 134
cheetah 0.999 217 84 311 135
cheetah 1.0 216 84 311 133
cheetah 0.9995 215 85 309 134
cheetah 0.9985 214 84 309 134
cock 0.9985 108 139 208 236
cock 1.0 109 140 209 239
cock 0.9307 109 136 205 231
cock 0.7534 107 137 206 234
cock 1.0 108 137 205 240
cock 0.758 109 136 205 233
cock 0.944 109 144 208 237
cock 0.8135 108 135 206 231
cock 1.0 111 137 209 237
cock 0.8877 109 136 207 233
cock 1.0 108 135 208 235
cock 0.9756 107 137 206 233
cock 0.9536 111 135 210 234
cock 1.0 111 138 206 235
cock 0.926 111 135 209 235
cock 0.5254 113 137 211 232
cock 0.998 109 136 207 236
cock 1.0 108 135 208 238
cock 1.0 110 135 211 236
cock 0.883 106 133 211 237
cock 1.0 110 136 208 237
cock 0.8613 109 136 212 237
cock 0.9873 109 135 207 232
cock 0.55 106 134 209 236
