rabbit 0.4988 52 164 150 253
rabbit 0.734 58 163 156 253
rabbit 0.858 61 164 155 248
rabbit 1.0 61 165 160 253
rabbit 0.942 58 169 154 254
rabbit 1.0 58 166 158 255
rabbit 0.9907 58 167 158 255
rabbit 0.9995 56 167 158 255
rabbit 1.0 60 165 160 254
rabbit 0.9956 62 168 158 254
rabbit 0.9487 62 169 161 253
rabbit 0.9775 60 170 155 255
rabbit 1.0 59 168 159 255
rabbit 0.9956 61 170 156 254
rabbit 0.996 61 169 158 256
rabbit 1.0 58 168 157 256
rabbit 1.0 59 169 158 256
rabbit 1.0 57 170 158 254
rabbit 0.9736 62 171 158 255
rabbit 1.0 59 171 159 255
rabbit 0.9995 59 170 158 256
rabbit 0.9854 60 171 160 256
rabbit 0.6904 63 171 159 257
rabbit 0.8296 63 170 165 257
rabbit 0.781 64 172 162 257
rabbit 0.994 59 168 162 256
rabbit 1.0 58 167 158 254
rabbit 0.9985 57 172 157 258
rabbit 1.0 60 173 157 257
rabbit 0.858 60 174 157 256
cow 0.998 150 211 236 263
cow 1.0 153 213 235 263
cow 1.0 153 213 235 265
cow 1.0 150 213 230 262
cow 1.0 149 213 229 262
cow 0.9985 149 214 232 264
cow 1.0 148 214 230 263
cow 1.0 151 209 237 259
cow 1.0 150 207 237 259
cow 1.0 153 213 231 262
cow 1.0 154 211 229 261
cow 0.8354 157 214 235 263
cow 0.906 158 216 233 262
