cheetah 0.7036 103 63 199 112
cheetah 0.9507 108 67 201 114
cheetah 1.0 106 67 204 114
cheetah 1.0 106 66 206 114
cheetah 1.0 103 65 200 113
cheetah 1.0 102 64 202 112
cheetah 1.0 101 66 200 113
cheetah 1.0 100 65 198 113
cheetah 0.991 103 66 200 114
cheetah 0.997 106 65 197 114
cheetah 0.9165 104 65 198 115
cheetah 0.9995 103 64 197 112
cheetah 0.999 104 65 198 113
cheetah 0.998 109 65 197 114
cheetah 0.9834 108 65 200 115
monkey 0.7666 78 214 164 291
monkey 1.0 80 218 163 293
monkey 0.998 79 214 162 293
monkey 1.0 79 215 163 294
monkey 1.0 75 215 163 296
monkey 1.0 80 215 168 294
monkey 0.99 80 215 166 294
monkey 1.0 83 214 165 293
monkey 0.8823 83 215 164 292
monkey 1.0 79 215 167 295
monkey 1.0 82 217 166 295
monkey 1.0 78 215 165 294
monkey 1.0 80 214 163 293
monkey 1.0 78 216 164 293
monkey 1.0 76 217 164 296
monkey 1.0 79 215 164 293
monkey 1.0 80 215 163 293
monkey 0.9883 83 213 166 292
monkey 0.9873 81 216 166 296
monkey 0.9995 85 212 166 293
monkey 0.941 85 212 167 293
monkey 0.999 79 213 165 293
monkey 1.0 81 215 165 292
monkey 1.0 79 212 163 291
monkey 1.0 80 212 163 291
monkey 0.9985 80 214 164 291
monkey 0.9995 78 213 164 290
monkey 1.0 80 212 164 291
monkey 0.9985 80 212 164 291
monkey 0.5566 76 214 164 294
monkey 0.9995 82 209 166 291
monkey 0.987 81 214 164 293
