elephant 0.678 130 61 198 112
elephant 0.6 129 74 190 124
elephant 0.9956 128 70 193 122
elephant 0.9897 126 67 197 119
elephant 0.983 131 69 199 120
elephant 0.999 133 67 200 119
elephant 0.998 132 66 201 119
elephant 0.881 132 64 201 113
elephant 0.9663 132 66 203 114
fish 0.984 130 81 188 127
fish 0.9146 131 82 189 130
fish 0.8213 129 81 189 131
fish 0.852 131 77 195 125
fish 0.5728 132 81 194 128
elephant 0.598 132 79 193 128
fish 0.947 129 86 186 131
fish 0.9985 132 85 186 131
fish 0.5522 130 86 187 132
fish 0.9756 130 84 189 128
rabbit 0.996 227 205 297 262
rabbit 1.0 228 197 299 253
rabbit 1.0 228 196 296 254
rabbit 1.0 229 196 296 254
rabbit 1.0 227 196 300 256
rabbit 1.0 230 196 298 251
rabbit 1.0 227 195 297 256
rabbit 1.0 227 196 296 255
rabbit 0.7 228 195 301 256
rabbit 0.9995 226 195 297 256
rabbit 1.0 226 195 294 255
rabbit 1.0 228 195 300 255
rabbit 1.0 229 195 300 254
rabbit 1.0 230 193 300 253
rabbit 1.0 227 194 297 253
rabbit 1.0 229 197 298 252
rabbit 1.0 228 193 297 254
rabbit 1.0 228 193 297 255
rabbit 0.783 228 194 298 254
rabbit 1.0 225 194 295 254
rabbit 1.0 226 192 295 254
rabbit 0.7637 226 196 295 253
rabbit 0.9995 225 191 292 248
rabbit 0.98 227 196 297 256
