goat 0.9995 26 54 130 147
goat 1.0 28 56 132 148
goat 0.9766 29 56 129 144
goat 0.9805 28 57 133 146
goat 1.0 30 55 132 146
goat 0.886 29 55 130 145
goat 0.9214 29 58 132 145
goat 0.9775 27 53 132 145
goat 0.9277 29 57 126 144
goat 0.9995 27 58 129 149
goat 0.9824 29 57 129 143
goat 1.0 28 56 132 148
goat 0.9995 29 57 132 145
goat 0.966 28 57 131 145
goat 0.969 29 57 129 146
goat 1.0 31 59 133 150
goat 0.9946 27 56 129 148
goat 0.9116 27 58 130 147
goat 0.925 32 58 131 144
goat 0.999 26 58 131 147
goat 0.829 26 57 129 146
goat 1.0 29 53 134 142
goat 0.9277 28 59 130 145
goat 1.0 28 53 132 143
goat 0.883 29 59 130 145
goat 0.9736 32 59 135 151
tiger 0.989 119 126 238 191
tiger 0.9463 117 127 238 192
tiger 0.988 119 125 238 192
tiger 1.0 117 127 242 195
tiger 0.9883 120 125 241 194
tiger 1.0 119 127 241 194
tiger 0.97 119 126 240 194
tiger 0.994 116 127 240 196
tiger 0.9985 119 129 237 192
tiger 0.7954 119 129 235 191
tiger 0.968 117 127 235 192
tiger 0.9995 115 126 238 191
tiger 0.987 118 124 244 193
tiger 1.0 117 124 246 192
tiger 0.988 118 126 240 194
tiger 0.9995 117 124 242 193
rat 0.7495 31 169 152 252
rat 0.9634 40 169 162 253
rat 0.8867 38 171 152 247
rat 0.9106 43 170 164 258
rat 0.8726 41 173 163 252
rat 0.7964 36 173 157 256
rat 0.7944 36 170 152 252
rat 0.9453 36 173 148 250
rat 0.9834 41 169 158 251
rat 0.9854 37 174 156 252
rat 0.942 37 174 155 251
rat 0.9634 40 171 158 254
rat 0.9277 38 173 160 254
rat 0.7197 38 174 158 253
rat 0.902 37 169 159 251
rat 0.7583 43 172 160 250
rat 0.5483 38 179 146 258
rat 0.6616 40 174 155 255
rat 0.745 41 180 155 254
rat 0.9287 42 173 159 255
rat 0.738 35 173 161 254
