turtle 0.908 184 76 286 150
turtle 0.966 186 78 289 149
turtle 0.546 185 72 286 147
turtle 1.0 186 76 287 148
turtle 0.972 186 76 284 147
turtle 1.0 187 76 291 146
turtle 1.0 188 76 293 148
turtle 1.0 188 76 294 148
turtle 1.0 186 80 291 147
turtle 1.0 185 78 290 149
turtle 1.0 185 77 290 151
turtle 0.965 186 77 290 148
turtle 0.5757 188 78 289 148
turtle 1.0 191 78 294 148
turtle 0.9854 187 79 288 148
turtle 1.0 187 78 290 147
turtle 1.0 187 77 293 148
turtle 1.0 189 77 293 148
turtle 0.9995 187 78 292 146
turtle 1.0 188 76 291 146
turtle 1.0 187 76 290 147
turtle 0.9756 185 78 286 147
goat 1.0 88 118 174 194
goat 0.997 84 116 168 191
goat 0.998 83 116 168 191
goat 1.0 84 119 171 195
goat 0.9956 86 118 172 193
goat 1.0 85 117 172 195
turtle 0.9043 191 75 293 143
turtle 0.965 188 76 290 145
goat 0.959 87 118 170 187
goat 1.0 87 116 172 191
goat 1.0 88 114 173 190
goat 1.0 87 117 171 190
goat 1.0 86 118 172 191
goat 1.0 87 116 172 192
goat 1.0 85 114 170 190
goat 1.0 89 117 173 191
goat 1.0 88 117 172 191
goat 0.9995 83 117 170 192
goat 0.9995 83 117 170 192
goat 0.94 88 116 171 192
goat 1.0 89 116 174 191
goat 1.0 87 115 174 191
goat 1.0 88 114 176 190
goat 0.7344 87 118 170 191
goat 1.0 84 118 171 194
goat 1.0 86 116 171 191
goat 1.0 85 116 171 191
goat 0.7793 88 115 169 188
goat 0.9893 90 115 174 188
