cat 0.6216 12 100 138 179
cat 0.885 15 99 137 180
cat 0.822 19 101 131 176
cat 0.944 16 100 132 178
cat 0.8867 21 100 135 180
cat 0.881 20 101 136 181
cat 0.5093 27 101 138 174
cat 0.9526 17 103 135 181
cat 0.79 17 103 141 184
cat 0.9487 17 103 139 185
rat 0.8354 225 143 274 176
fish 0.9897 41 221 130 294
fish 0.9995 44 225 134 298
fish 0.956 43 219 133 293
fish 0.9995 43 220 133 294
fish 1.0 44 220 134 293
fish 1.0 47 220 135 295
fish 0.999 47 221 134 293
fish 0.9985 44 218 132 293
fish 1.0 42 218 132 292
fish 1.0 45 219 130 293
fish 1.0 44 220 131 294
fish 0.9985 44 221 131 293
fish 0.9995 40 220 130 294
fish 1.0 44 220 130 293
fish 0.998 45 220 130 292
fish 1.0 42 219 132 296
fish 0.9985 42 219 132 296
fish 1.0 41 218 135 296
fish 0.9985 41 219 135 296
fish 1.0 45 219 132 294
fish 1.0 43 219 131 294
fish 1.0 46 220 132 293
fish 1.0 45 219 133 294
fish 1.0 43 220 130 295
fish 1.0 40 221 130 296
fish 1.0 45 220 132 296
fish 0.9985 47 220 134 295
fish 0.9946 40 215 129 291
fish 0.9995 43 216 132 293
fish 0.9717 46 220 133 294
fish 0.9995 42 218 130 294
