elephant 0.996 86 64 163 113
elephant 0.9995 85 65 163 114
elephant 0.9385 86 64 163 113
elephant 0.9834 85 63 160 113
elephant 0.9624 84 64 159 113
elephant 1.0 86 62 158 112
elephant 1.0 88 62 160 112
elephant 0.999 86 64 162 113
elephant 1.0 87 64 162 111
elephant 1.0 86 63 161 111
elephant 0.999 84 65 159 113
elephant 1.0 83 63 157 112
elephant 1.0 84 62 157 112
elephant 0.9966 86 62 158 113
elephant 0.9907 88 62 160 112
elephant 0.9995 89 63 159 112
elephant 0.996 89 64 159 114
elephant 0.9907 86 64 159 113
elephant 0.998 88 63 159 114
elephant 0.627 88 63 160 116
goat 0.986 76 144 128 187
goat 1.0 70 141 124 187
goat 1.0 70 142 122 187
goat 1.0 74 139 126 184
goat 1.0 72 140 125 184
goat 1.0 72 140 126 188
goat 1.0 71 140 125 187
goat 1.0 70 140 126 188
goat 0.999 69 141 125 188
goat 0.999 72 138 127 187
goat 0.9805 71 142 129 189
