monkey 0.99 39 34 169 158
monkey 0.9453 31 38 165 161
monkey 0.992 34 41 169 163
monkey 0.981 33 34 168 161
monkey 0.79 43 43 165 155
monkey 0.9995 33 38 160 160
monkey 0.9995 30 37 165 160
monkey 0.9976 42 32 177 157
monkey 0.9976 37 36 171 155
monkey 0.9614 41 40 165 158
cheetah 0.998 69 153 161 203
cheetah 1.0 69 155 159 203
cheetah 1.0 74 155 168 205
cheetah 1.0 76 157 167 206
cheetah 1.0 66 153 167 206
cheetah 1.0 69 154 165 206
cheetah 0.7373 71 152 158 202
cheetah 1.0 67 150 166 200
cheetah 1.0 66 149 167 201
cheetah 1.0 66 147 172 200
cheetah 1.0 67 148 173 199
cheetah 1.0 62 149 171 198
cheetah 1.0 64 148 170 200
cow 0.8516 237 195 300 235
cow 0.9985 238 193 307 237
cow 1.0 237 196 300 237
cow 0.9995 237 197 301 237
cow 1.0 236 198 300 238
cow 1.0 235 198 300 238
cow 0.801 236 196 301 239
cow 0.999 239 197 301 237
cow 0.615 235 199 302 242
cow 0.9985 238 197 300 238
monkey 1.0 36 40 165 162
monkey 1.0 38 36 166 159
monkey 0.9854 39 37 164 156
monkey 1.0 38 31 171 155
monkey 1.0 41 40 172 161
monkey 0.9985 34 43 161 162
monkey 0.998 43 49 170 168
monkey 1.0 37 36 163 153
