penguin 0.9473 145 68 222 157
penguin 1.0 144 65 224 162
penguin 0.9062 146 67 226 158
penguin 0.8125 145 68 226 156
penguin 0.9194 146 63 224 156
penguin 1.0 145 70 222 163
penguin 1.0 146 75 219 165
penguin 0.9976 145 70 221 162
penguin 1.0 144 66 222 163
penguin 1.0 145 66 221 161
penguin 1.0 142 66 222 161
penguin 1.0 143 67 222 162
penguin 0.999 140 64 220 162
penguin 1.0 139 65 216 161
penguin 0.9893 140 65 221 161
penguin 1.0 146 68 223 162
penguin 1.0 147 67 219 157
penguin 0.9995 143 67 221 162
penguin 1.0 142 68 220 164
penguin 1.0 143 70 218 164
penguin 1.0 143 69 219 163
penguin 1.0 142 67 219 162
penguin 1.0 139 65 218 163
penguin 1.0 143 67 219 164
penguin 0.969 138 67 218 161
penguin 0.9995 145 64 222 157
penguin 0.643 141 73 219 160
penguin 1.0 145 63 222 161
penguin 1.0 144 61 222 161
penguin 1.0 145 62 222 161
penguin 1.0 140 63 220 165
penguin 0.988 143 70 221 165
dog 0.953 36 148 164 262
dog 1.0 42 151 168 264
dog 0.9966 42 151 168 261
dog 0.9976 43 153 172 264
dog 0.9966 42 149 173 262
dog 0.9443 43 154 169 262
dog 0.999 41 153 170 264
dog 1.0 42 152 170 263
dog 0.9995 37 150 173 265
dog 0.9985 38 149 173 266
dog 1.0 44 158 171 266
dog 1.0 44 155 173 266
dog 1.0 42 157 170 267
dog 1.0 44 149 170 262
dog 0.996 36 150 171 263
dog 1.0 44 150 168 262
dog 1.0 44 143 169 259
dog 1.0 41 149 173 261
