elephant 0.551 142 59 272 155
elephant 0.725 145 63 280 157
elephant 0.8413 149 67 276 156
elephant 0.6885 143 68 277 156
elephant 0.814 142 67 278 162
elephant 0.6123 147 67 278 159
elephant 0.8276 155 68 278 157
goat 0.8657 150 183 210 234
goat 0.861 147 184 211 238
goat 0.781 150 182 213 236
goat 1.0 153 183 213 235
goat 1.0 153 183 212 235
goat 1.0 149 182 213 235
goat 0.9873 146 182 213 237
goat 1.0 149 182 212 237
goat 1.0 150 181 211 236
goat 0.9976 152 181 214 235
goat 0.9995 154 183 214 236
goat 0.9697 148 178 212 231
goat 1.0 151 179 211 231
goat 1.0 151 178 211 233
goat 1.0 151 178 215 231
goat 0.988 151 176 217 231
goat 1.0 151 178 214 233
goat 1.0 152 178 215 235
goat 1.0 149 181 214 237
goat 1.0 150 180 212 236
goat 0.915 154 185 215 239
goat 0.988 151 181 220 239
goat 0.711 152 185 217 244
elephant 1.0 150 69 281 158
elephant 1.0 148 67 279 158
elephant 0.7964 147 67 277 157
elephant 1.0 145 63 274 157
elephant 1.0 142 73 275 160
