cat 0.755 102 53 206 121
cat 0.982 104 52 210 121
cat 0.992 104 52 210 121
cat 0.992 104 52 211 118
cat 0.998 104 51 209 121
cat 1.0 103 52 211 122
cat 0.9756 99 56 202 121
cat 0.995 100 57 201 123
cat 1.0 98 55 202 122
cat 0.848 102 49 207 117
cat 1.0 104 54 211 120
cat 0.9995 103 53 209 120
cat 0.9863 103 53 211 119
cat 1.0 103 53 207 118
cat 1.0 103 52 207 118
cat 0.9844 100 50 203 118
cat 1.0 101 50 203 118
cat 1.0 101 50 203 118
cat 0.9863 103 54 204 122
cat 0.8267 102 53 205 120
cat 0.9897 104 50 207 117
cat 0.9985 101 49 205 119
cat 0.978 101 50 201 116
cat 0.876 107 52 207 118
dog 0.8174 230 214 289 264
dog 0.677 232 215 286 262
dog 0.824 229 212 286 260
dog 1.0 230 214 284 261
dog 1.0 228 215 282 263
dog 0.9985 227 211 285 260
dog 1.0 228 211 285 260
dog 1.0 229 212 285 261
dog 0.9424 227 210 290 256
dog 0.742 228 215 284 262
dog 1.0 229 213 283 261
dog 0.997 227 213 284 262
dog 0.9995 229 215 285 262
dog 1.0 229 214 285 261
dog 0.9907 229 214 287 262
