cheetah 0.7427 90 84 148 119
cheetah 0.9946 92 89 154 123
cheetah 0.9985 92 91 152 125
cheetah 1.0 93 91 154 125
cheetah 0.9995 92 91 153 125
cheetah 0.9976 92 88 156 124
elephant 0.8716 155 220 238 277
elephant 0.6294 155 220 240 276
elephant 0.756 151 221 235 281
elephant 0.985 153 222 235 277
elephant 0.989 155 222 235 275
elephant 0.999 153 222 238 280
elephant 0.6484 151 217 235 276
elephant 1.0 152 222 237 280
elephant 1.0 153 222 238 279
elephant 1.0 153 221 234 278
elephant 0.587 152 219 235 278
elephant 1.0 152 222 236 278
elephant 1.0 152 223 236 279
elephant 0.888 154 220 236 279
elephant 1.0 152 221 235 279
elephant 1.0 152 221 235 279
elephant 0.9595 152 220 236 276
elephant 0.9995 153 219 236 276
elephant 1.0 153 218 237 276
elephant 0.952 154 221 235 277
elephant 0.6167 152 221 234 280
elephant 0.9995 153 218 237 278
elephant 1.0 151 217 237 277
elephant 0.609 159 219 240 280
cow 0.911 44 146 175 227
cow 0.922 40 145 171 225
cow 0.548 47 144 168 229
