dog 0.951 45 20 120 84
dog 0.999 44 24 115 87
dog 0.964 41 22 116 85
dog 1.0 44 24 116 86
dog 0.9927 44 25 118 85
dog 1.0 43 26 117 88
dog 0.999 45 26 118 87
dog 1.0 44 24 118 86
dog 0.9995 44 25 119 85
dog 0.9375 46 24 117 87
dog 0.8926 46 23 119 86
dog 1.0 44 25 115 86
dog 0.9814 42 27 116 90
dog 1.0 44 24 116 87
dog 1.0 44 23 117 86
dog 1.0 45 24 118 86
dog 0.998 46 25 118 86
dog 1.0 45 25 118 87
dog 1.0 46 24 118 87
dog 0.9995 43 26 118 87
dog 0.999 43 25 118 88
rabbit 0.998 144 25 260 125
rabbit 0.997 147 24 263 124
rabbit 0.992 145 24 259 123
dog 0.9985 42 24 118 86
dog 0.984 41 24 119 87
dog 1.0 41 23 118 88
dog 0.9697 40 25 117 89
dog 0.998 41 23 118 87
dog 0.9995 43 23 117 85
dog 1.0 42 24 119 88
dog 0.999 45 26 119 88
rabbit 0.8887 141 26 252 122
rabbit 1.0 144 24 259 122
rabbit 1.0 143 24 260 122
rabbit 0.9995 142 20 262 121
rabbit 0.958 141 23 260 125
dog 0.5117 43 28 120 92
rabbit 0.9995 146 22 261 123
rabbit 0.999 143 23 256 121
rabbit 0.998 142 24 264 126
rabbit 0.8467 142 26 262 130
turtle 0.9937 64 128 126 173
turtle 0.546 64 130 130 174
turtle 0.998 65 131 129 174
turtle 0.966 63 126 124 170
turtle 1.0 65 126 128 169
turtle 1.0 66 126 127 167
turtle 1.0 66 129 130 170
turtle 1.0 68 128 129 169
turtle 0.9966 65 128 127 169
turtle 0.6465 66 129 131 170
rabbit 0.999 149 28 263 128
rabbit 1.0 139 27 255 128
rabbit 1.0 143 22 260 123
rabbit 1.0 141 21 260 121
rabbit 0.849 139 21 258 122
rabbit 1.0 140 19 258 121
