rat 0.731 179 116 271 180
rat 0.638 179 117 270 180
octopus 1.0 85 112 197 202
octopus 1.0 87 110 191 201
octopus 0.9507 86 105 190 195
octopus 1.0 87 107 191 198
octopus 0.736 85 102 194 194
rat 0.985 176 114 264 176
rat 0.954 175 113 263 176
rat 0.9517 180 113 269 177
rat 1.0 178 114 272 178
rat 1.0 178 115 272 178
rat 0.987 176 110 270 175
rat 1.0 176 111 272 176
rat 1.0 177 111 270 177
rat 1.0 176 112 272 177
rat 0.9976 177 113 271 177
octopus 0.7534 86 109 192 200
octopus 1.0 86 109 194 198
octopus 0.9575 86 110 192 199
octopus 0.679 86 108 187 197
octopus 1.0 84 107 187 199
octopus 0.9927 84 108 189 197
octopus 0.9795 86 109 189 196
octopus 0.8975 90 108 190 195
octopus 1.0 87 106 189 197
octopus 0.9976 88 107 189 196
octopus 0.5146 103 109 188 187
octopus 0.9424 90 106 194 198
rat 0.9976 176 112 268 177
rat 0.9185 173 112 266 176
rat 0.5625 176 112 270 176
rat 0.9487 175 113 270 177
rat 1.0 175 111 269 175
rat 1.0 175 111 269 175
rat 0.994 174 117 271 180
rat 1.0 179 113 270 175
rat 1.0 179 113 270 175
rat 1.0 178 111 271 174
rat 0.998 181 111 273 174
octopus 1.0 85 102 196 194
octopus 1.0 86 105 189 199
octopus 0.5396 86 111 192 199
octopus 0.993 85 107 193 198
octopus 1.0 87 106 191 199
octopus 0.769 88 112 194 200
rat 0.85 178 115 272 179
rat 0.9556 171 123 270 188
monkey 0.9995 178 178 279 265
monkey 1.0 172 176 279 268
monkey 0.994 172 176 276 273
monkey 0.953 172 177 276 265
monkey 0.781 176 175 278 266
monkey 0.9683 178 175 276 265
monkey 1.0 175 177 276 269
monkey 1.0 177 174 280 266
monkey 0.8105 177 174 281 266
monkey 0.864 177 178 277 267
monkey 1.0 175 178 278 272
monkey 1.0 178 178 281 269
monkey 1.0 177 175 279 271
monkey 0.7974 172 178 275 267
monkey 1.0 174 180 274 267
monkey 0.924 174 178 274 271
monkey 0.9473 176 178 278 268
monkey 1.0 176 173 277 268
monkey 0.999 175 168 283 270
monkey 0.9395 176 168 285 271
monkey 1.0 173 177 275 267
monkey 0.999 177 172 284 267
monkey 0.9995 178 172 285 268
monkey 0.9995 175 179 274 267
monkey 0.8813 178 176 277 268
monkey 0.998 174 167 276 265
monkey 0.9985 175 173 274 265
monkey 0.6367 182 180 282 269
monkey 0.825 180 180 278 270
