goat 0.999 112 85 237 193
goat 0.9995 114 82 240 192
goat 0.9995 112 83 240 194
goat 1.0 103 81 242 198
goat 0.7534 113 90 232 192
goat 0.8867 113 82 237 187
goat 0.958 115 81 241 189
goat 0.941 111 79 243 191
cock 0.9966 183 194 276 288
cock 1.0 182 190 281 290
cock 0.8647 182 189 279 288
cock 0.9976 182 195 279 290
cock 1.0 186 192 281 290
cock 0.975 181 192 284 295
cock 1.0 182 194 280 292
cock 0.996 178 191 280 295
cock 0.999 178 190 280 297
cock 1.0 179 193 278 292
cock 0.9683 180 190 281 296
cock 0.997 185 194 283 290
cock 1.0 187 194 282 289
cock 0.9937 182 194 281 289
cock 0.986 180 195 280 292
cock 1.0 185 191 282 287
cock 0.9995 181 195 276 291
cock 0.9985 182 194 277 292
cock 0.9653 182 195 281 291
cock 1.0 182 194 279 288
cock 0.991 182 193 281 292
cock 1.0 187 193 282 287
cock 1.0 183 195 279 290
cock 0.695 182 197 280 292
cock 0.9985 183 194 281 290
cock 1.0 185 191 281 287
goat 0.999 109 87 238 196
goat 1.0 110 86 240 197
goat 0.9917 110 87 235 194
goat 1.0 111 85 238 194
goat 1.0 113 88 241 199
goat 1.0 108 87 236 197
goat 0.574 107 91 233 196
goat 1.0 113 85 242 197
goat 0.7134 111 98 237 206
goat 0.851 101 84 233 188
goat 1.0 112 79 241 191
goat 1.0 106 76 236 191
goat 1.0 115 89 240 196
