cow 0.78 30 98 117 148
cow 1.0 33 98 114 149
cow 1.0 32 98 114 150
cow 1.0 31 95 113 148
cow 1.0 32 97 113 148
cow 1.0 32 98 114 149
cow 1.0 33 98 114 149
cow 0.5586 33 95 115 148
cow 0.958 31 96 111 152
cow 0.962 31 96 113 151
cow 1.0 33 98 113 150
cow 1.0 32 97 114 149
cow 0.9995 36 97 115 148
cow 0.9946 36 98 114 149
goat 1.0 176 215 273 299
goat 0.687 177 214 266 293
goat 1.0 174 214 270 298
goat 0.926 177 210 268 293
goat 0.685 180 210 275 295
goat 0.9575 176 213 263 289
goat 0.635 171 213 267 292
goat 0.8335 174 214 265 292
goat 0.9785 179 214 269 292
goat 1.0 176 214 274 296
goat 1.0 177 215 271 294
goat 0.9956 175 215 270 294
goat 0.985 174 211 270 296
goat 1.0 174 212 273 295
goat 1.0 171 211 271 298
goat 1.0 172 211 272 298
goat 0.927 175 212 270 296
goat 0.9985 174 211 272 297
goat 0.9565 175 212 271 297
goat 0.648 173 215 267 295
goat 0.5845 179 216 270 296
goat 1.0 174 211 275 294
goat 1.0 175 214 272 295
goat 0.9976 175 214 271 295
goat 0.761 177 214 269 296
goat 1.0 176 212 272 296
goat 1.0 173 210 269 295
goat 1.0 174 210 271 295
goat 0.6597 179 215 273 297
goat 0.998 176 210 272 296
goat 0.8677 177 214 272 296
goat 0.998 180 211 276 296
goat 0.999 177 212 273 297
