goat 0.993 49 123 138 204
goat 0.9897 50 120 138 201
goat 0.5615 50 122 138 204
goat 1.0 50 123 141 204
goat 1.0 48 122 140 206
goat 1.0 48 123 140 205
goat 0.663 47 123 137 204
goat 1.0 48 123 141 205
goat 1.0 45 124 140 209
goat 1.0 45 124 141 209
goat 0.977 51 119 141 202
goat 0.926 52 121 141 202
goat 0.998 50 120 143 205
goat 1.0 49 121 143 206
goat 1.0 50 121 142 203
goat 0.9995 50 122 141 202
goat 1.0 48 121 143 204
goat 1.0 49 124 142 207
goat 1.0 50 122 142 204
goat 1.0 50 122 142 204
goat 0.9795 46 123 139 204
goat 0.5005 47 122 142 203
goat 0.965 47 123 139 204
elephant 0.9985 181 142 295 223
elephant 0.9995 180 143 299 224
elephant 0.99 179 141 294 221
elephant 0.998 177 143 300 223
elephant 0.9883 177 139 301 223
elephant 0.9614 177 142 296 224
goat 1.0 51 115 145 201
goat 0.9863 47 124 142 201
goat 1.0 48 117 143 201
goat 0.997 52 122 143 202
elephant 1.0 176 142 294 222
elephant 0.9854 175 141 295 223
elephant 1.0 176 138 296 220
elephant 0.9863 181 140 293 218
elephant 0.9956 180 139 293 219
elephant 0.9995 180 138 295 220
elephant 0.9907 179 140 294 218
elephant 0.9897 181 140 296 218
elephant 0.9883 179 137 298 218
elephant 0.9688 182 142 296 220
elephant 0.9673 177 140 295 216
elephant 0.994 179 142 294 221
elephant 0.844 180 145 291 221
elephant 0.967 179 138 297 221
elephant 0.9375 185 145 298 230
