cow 0.634 88 41 182 100
cow 0.5635 86 41 183 103
cow 0.999 85 43 182 104
cow 0.864 82 42 176 101
cow 1.0 89 44 184 101
cow 1.0 89 44 184 101
cow 1.0 85 41 182 103
cow 1.0 83 40 181 101
cow 1.0 84 43 179 103
cow 1.0 86 43 180 103
cow 0.81 87 41 176 101
cow 0.881 88 42 179 101
cow 0.9834 89 43 179 102
cow 1.0 88 42 182 101
cow 0.7544 95 45 180 105
cow 0.569 94 45 181 105
monkey 0.992 159 109 243 189
monkey 0.9927 160 109 248 189
monkey 0.781 158 105 245 187
monkey 0.9985 159 104 248 190
monkey 0.9917 159 105 247 187
monkey 0.9995 155 106 247 194
monkey 1.0 156 104 250 192
monkey 1.0 156 105 250 192
monkey 0.68 158 106 252 193
monkey 1.0 157 105 249 193
monkey 1.0 155 104 251 195
monkey 0.9863 155 105 249 194
monkey 0.9985 156 104 246 190
monkey 0.9985 157 105 246 193
monkey 1.0 156 103 248 190
monkey 0.997 158 103 249 190
monkey 0.9995 156 102 249 193
monkey 0.9995 160 104 251 190
monkey 1.0 160 104 251 189
monkey 0.9995 159 102 250 190
monkey 1.0 160 103 253 190
monkey 1.0 159 101 251 190
monkey 0.9565 159 103 252 190
monkey 0.991 153 104 248 192
monkey 0.998 155 97 251 187
monkey 0.725 159 107 251 188
monkey 0.9985 157 102 249 186
monkey 0.9995 156 99 252 187
monkey 0.5703 161 110 254 191
dog 0.9995 141 210 199 258
dog 0.9995 140 207 199 257
dog 0.995 142 207 199 257
dog 1.0 142 207 200 257
dog 1.0 142 211 199 260
dog 0.521 135 207 207 266
dog 1.0 142 209 201 260
dog 1.0 143 208 200 259
dog 1.0 140 210 197 257
dog 1.0 141 209 197 258
dog 1.0 142 210 200 258
dog 1.0 142 210 200 258
dog 0.554 143 212 202 258
dog 0.531 136 209 201 265
