fish 0.7324 127 93 227 175
fish 1.0 128 93 233 180
fish 0.9766 127 90 228 177
fish 0.644 129 92 229 177
fish 1.0 133 91 233 178
fish 0.9336 133 88 231 179
fish 0.997 131 89 231 178
fish 0.9995 132 91 232 177
fish 0.901 129 88 233 175
fish 0.601 127 92 229 178
fish 0.828 129 91 228 177
fish 0.9863 129 90 230 177
fish 1.0 130 89 232 176
fish 0.9985 131 91 232 177
fish 0.8613 130 92 232 177
fish 0.961 131 89 230 178
fish 0.9995 132 90 232 178
fish 0.999 128 88 228 179
fish 0.9966 128 89 229 178
fish 0.8784 134 93 232 178
fish 1.0 133 92 231 179
fish 0.998 131 94 233 177
fish 1.0 129 90 232 178
fish 0.5835 129 95 231 177
fish 0.9995 130 93 232 180
fish 0.996 129 89 233 180
fish 1.0 130 93 232 180
tiger 0.5107 154 213 230 254
tiger 0.8643 160 211 238 254
tiger 0.9946 159 215 236 255
tiger 1.0 157 215 238 257
tiger 1.0 157 215 238 258
tiger 1.0 153 211 236 255
tiger 1.0 153 213 236 257
tiger 0.9565 167 213 250 261
tiger 0.999 165 215 250 261
goat 0.3904 200 215 274 269
rat 0.8613 192 215 271 269
rat 0.952 188 216 268 267
rat 0.8643 195 216 275 272
rat 0.9546 192 217 273 274
rat 0.7505 190 217 271 274
tiger 0.9995 160 214 241 254
tiger 0.9644 161 214 240 256
tiger 0.999 158 215 242 258
tiger 0.9995 159 217 242 260
rat 0.995 169 220 258 269
rat 0.995 169 220 259 269
rat 0.9717 196 219 275 273
rat 1.0 193 220 276 274
rat 1.0 190 220 276 273
rat 0.983 190 216 277 274
rat 1.0 188 216 276 274
rat 1.0 188 216 277 274
rat 0.8867 190 220 274 278
rat 0.6157 188 215 278 281
rat 0.9893 188 220 276 278
rat 0.997 188 221 275 279
rat 0.6655 192 221 276 279
