goat 0.56 132 17 231 106
goat 0.704 143 19 238 102
goat 1.0 131 24 234 115
goat 0.9243 130 26 235 115
goat 1.0 131 24 235 116
goat 0.939 132 22 236 114
goat 0.9966 133 24 238 115
goat 1.0 132 25 232 113
goat 0.988 137 24 236 108
goat 0.9463 132 26 235 116
goat 1.0 131 22 235 116
goat 0.9995 134 22 237 113
goat 0.9424 129 23 233 115
goat 1.0 131 24 235 117
goat 0.9995 131 21 236 116
goat 0.998 131 21 235 115
goat 0.6807 129 23 237 112
goat 1.0 131 25 234 112
goat 0.9937 130 21 234 113
goat 0.991 133 16 237 110
goat 0.999 131 18 235 113
goat 0.982 128 22 236 113
goat 0.999 127 19 234 110
rabbit 0.983 69 87 127 140
rabbit 1.0 69 89 126 139
rabbit 0.997 68 88 126 139
rabbit 0.9995 66 87 125 140
rabbit 1.0 68 89 125 139
rabbit 0.9883 68 89 127 138
rabbit 0.674 70 85 131 136
rabbit 0.7354 69 88 121 139
rabbit 0.987 67 86 125 139
rabbit 1.0 68 86 126 138
rabbit 1.0 68 86 125 137
rabbit 1.0 67 87 127 139
rabbit 1.0 64 86 126 139
rabbit 1.0 65 86 126 139
rabbit 0.815 67 91 129 140
rabbit 0.853 69 88 128 139
