monkey 0.964 172 17 279 124
monkey 0.9995 174 17 289 128
monkey 0.9995 177 20 293 124
monkey 1.0 168 20 283 125
monkey 0.9995 175 16 294 134
monkey 1.0 173 18 292 127
monkey 1.0 176 18 290 124
monkey 1.0 170 14 284 122
monkey 0.792 176 18 294 126
monkey 0.884 169 20 291 129
monkey 0.9917 171 16 289 123
monkey 0.999 174 21 287 124
monkey 0.9995 169 15 282 124
rat 0.9897 155 204 227 254
rat 1.0 159 202 237 252
rat 0.999 158 202 236 252
rat 0.9663 154 205 226 255
rat 0.9995 157 200 236 248
rat 1.0 156 198 236 247
rat 0.682 153 192 243 245
rat 0.8477 151 200 226 253
rat 0.999 157 200 230 252
rat 0.9976 151 198 227 250
rat 1.0 152 199 228 250
rat 1.0 152 199 227 250
rat 0.9785 153 201 227 252
rat 1.0 153 200 227 252
rat 1.0 152 199 227 251
rat 0.998 156 200 229 250
monkey 1.0 170 26 287 131
monkey 1.0 171 25 286 128
monkey 1.0 172 20 284 123
monkey 1.0 172 18 287 122
monkey 0.7236 172 22 289 130
monkey 0.947 171 29 287 136
monkey 1.0 165 23 285 132
tiger 0.53 153 164 287 246
