penguin 0.7275 139 47 246 175
penguin 0.968 144 52 246 175
penguin 1.0 141 47 243 177
penguin 0.9976 141 50 244 175
penguin 1.0 138 53 244 179
penguin 0.999 135 50 240 176
penguin 1.0 138 52 244 182
penguin 0.9995 139 49 246 178
penguin 1.0 139 48 242 175
penguin 1.0 133 48 242 181
penguin 0.804 139 62 245 185
penguin 0.9917 138 58 243 182
penguin 0.9985 140 58 241 180
penguin 0.717 140 47 242 183
penguin 1.0 141 50 239 185
penguin 1.0 141 50 242 186
penguin 1.0 143 47 243 180
penguin 1.0 135 45 237 177
penguin 1.0 145 45 245 181
penguin 0.9995 140 47 239 179
