elephant 0.9097 47 111 125 163
elephant 0.997 47 112 124 163
elephant 0.871 49 112 125 162
elephant 0.6084 45 112 119 164
elephant 0.993 49 111 127 166
elephant 1.0 49 112 128 166
elephant 1.0 49 112 129 166
elephant 1.0 46 112 125 164
elephant 1.0 47 113 124 164
elephant 1.0 47 113 124 163
elephant 0.986 44 112 124 166
elephant 1.0 43 111 121 163
elephant 1.0 43 112 121 165
elephant 0.7227 48 108 123 163
elephant 0.9976 49 109 125 164
elephant 0.9966 48 108 124 163
elephant 0.9995 47 109 124 162
elephant 1.0 46 108 124 162
elephant 1.0 47 107 123 162
elephant 0.9707 49 108 125 165
elephant 0.9873 48 108 123 164
elephant 0.8716 46 108 123 164
goat 0.9995 177 140 268 222
goat 0.999 177 137 267 218
goat 0.682 177 138 269 221
goat 1.0 178 140 271 222
goat 1.0 177 137 275 225
goat 0.9995 177 138 273 225
goat 0.966 175 139 269 219
goat 1.0 175 139 268 217
goat 1.0 173 139 272 224
goat 1.0 171 138 271 226
goat 0.541 178 139 267 216
goat 0.7944 179 139 270 218
goat 0.986 180 135 272 220
goat 0.963 182 136 272 219
goat 0.998 176 136 273 219
goat 1.0 177 137 269 219
goat 1.0 179 135 275 221
goat 0.9995 179 136 274 223
goat 1.0 177 140 270 220
goat 1.0 179 141 269 218
goat 1.0 177 138 269 221
goat 1.0 176 137 268 221
goat 0.9873 175 137 267 219
goat 0.9883 175 138 270 219
dog 0.9956 7 169 119 266
dog 0.999 7 169 116 265
dog 0.9985 11 171 122 264
dog 0.505 11 172 119 261
dog 0.9985 12 172 119 264
goat 1.0 181 132 275 214
goat 0.5327 182 138 271 217
goat 0.983 183 135 273 216
goat 1.0 178 139 268 216
goat 0.609 180 140 269 217
goat 0.998 178 136 270 217
dog 1.0 8 169 120 266
dog 1.0 10 170 117 264
dog 0.9995 10 172 123 267
dog 1.0 11 173 116 269
dog 1.0 13 170 120 265
dog 1.0 9 171 119 267
dog 1.0 13 169 125 268
dog 1.0 10 169 117 265
dog 0.5615 9 176 118 268
dog 0.563 9 170 119 264
dog 0.829 10 171 117 265
