turtle 0.7773 21 156 150 246
turtle 0.9126 24 156 150 246
turtle 0.695 18 159 149 250
turtle 0.9053 26 158 148 245
tiger 0.7607 12 262 78 298
tiger 0.918 15 263 81 297
tiger 0.9585 15 261 76 298
tiger 0.967 16 262 82 298
tiger 1.0 20 263 82 297
tiger 0.98 16 262 81 296
tiger 1.0 18 262 79 295
tiger 0.9727 15 261 78 297
tiger 0.775 11 260 79 299
cat 1.0 149 128 286 218
cat 0.9663 154 122 285 215
turtle 0.9995 22 163 153 252
turtle 0.785 36 151 163 245
cat 1.0 145 127 281 216
cat 0.986 151 119 282 213
turtle 1.0 23 160 153 251
turtle 0.799 27 155 153 248
cat 1.0 143 127 281 212
cat 0.7305 153 131 283 222
turtle 0.999 19 157 148 251
cat 0.9995 144 126 283 213
turtle 0.999 14 153 151 240
