tiger 0.9873 40 80 170 150
tiger 0.9995 49 79 178 149
tiger 0.9985 41 76 175 147
tiger 0.71 51 77 177 145
tiger 0.9727 43 81 169 151
tiger 0.968 43 80 169 150
tiger 0.796 47 81 169 150
tiger 0.9907 47 81 171 150
tiger 0.888 42 78 173 147
tiger 0.9824 42 78 171 147
tiger 0.8843 44 77 181 149
cat 0.8 174 113 271 180
cat 0.541 172 110 271 179
cat 0.99 176 111 276 177
cat 0.8726 176 112 274 178
cat 0.963 175 110 274 176
cat 1.0 173 111 274 180
cat 1.0 172 111 273 181
cat 0.9897 168 113 272 180
cat 1.0 168 111 272 183
cat 1.0 168 111 271 185
cat 0.9966 175 109 277 178
cat 0.999 172 111 278 176
cat 0.9233 172 111 277 178
cat 0.925 173 109 276 174
cat 1.0 174 108 277 177
cat 1.0 175 109 279 177
cat 0.988 168 109 277 175
cat 1.0 167 108 274 176
cat 1.0 168 108 271 177
cat 0.995 168 108 276 180
cat 0.9507 174 111 278 176
cat 0.9873 165 108 274 176
octopus 0.996 177 220 267 297
octopus 0.9956 169 220 263 297
octopus 0.996 175 219 265 298
octopus 0.994 174 220 265 298
octopus 1.0 174 220 267 300
octopus 0.5747 174 222 265 299
octopus 0.998 175 219 265 298
octopus 1.0 176 220 264 296
octopus 1.0 177 219 266 297
octopus 1.0 177 218 267 298
octopus 0.9736 172 220 262 296
octopus 1.0 169 221 262 298
octopus 1.0 171 221 264 299
octopus 1.0 172 221 264 299
octopus 0.9995 177 218 269 298
octopus 0.9966 174 224 263 301
octopus 1.0 179 217 267 297
octopus 0.7896 177 220 265 296
octopus 1.0 176 218 265 298
octopus 1.0 177 221 264 297
octopus 1.0 176 219 264 297
octopus 1.0 176 220 265 297
octopus 0.9995 173 219 264 298
octopus 1.0 171 220 265 299
octopus 1.0 173 217 263 297
octopus 1.0 172 218 262 297
octopus 0.9883 175 220 262 298
octopus 1.0 175 222 262 298
octopus 0.8945 177 222 264 299
octopus 0.9976 176 222 263 299
octopus 0.999 174 222 264 301
octopus 0.7676 179 229 263 300
