turtle 0.981 115 130 237 216
turtle 0.9966 114 133 233 215
turtle 0.555 116 135 232 215
turtle 0.998 115 135 237 218
turtle 0.9814 112 134 233 219
turtle 0.99 115 134 241 218
turtle 0.635 116 138 237 220
turtle 0.9893 112 134 237 218
turtle 0.995 115 134 238 216
turtle 0.537 118 136 235 219
turtle 0.9775 115 132 232 219
cock 0.5396 29 198 77 244
cock 0.991 33 204 75 246
cock 0.966 32 204 75 247
cock 0.994 32 201 77 246
cock 0.948 33 201 77 245
cock 0.893 33 206 76 251
turtle 0.8926 112 127 234 213
turtle 0.6895 114 126 232 210
turtle 0.643 116 136 234 219
