turtle 0.973 94 28 198 98
turtle 0.9966 99 31 205 98
turtle 0.873 105 28 206 96
turtle 0.8936 102 30 201 96
turtle 0.89 88 28 190 94
turtle 1.0 95 30 200 99
turtle 1.0 99 30 205 99
turtle 1.0 99 29 207 100
turtle 1.0 98 30 203 96
turtle 1.0 98 30 204 97
turtle 1.0 97 29 204 98
turtle 0.9966 101 31 199 96
turtle 1.0 97 29 201 98
turtle 1.0 97 27 202 98
turtle 1.0 93 26 200 97
turtle 1.0 97 25 202 96
turtle 1.0 97 25 202 97
turtle 1.0 96 30 201 97
turtle 1.0 98 28 203 97
turtle 1.0 97 27 203 97
turtle 0.9976 101 30 201 97
turtle 1.0 99 29 198 96
turtle 1.0 99 30 199 96
turtle 0.9233 93 24 197 95
turtle 0.9663 96 26 198 92
turtle 0.6304 104 27 201 95
rabbit 1.0 157 164 248 241
rabbit 0.678 152 160 246 240
rabbit 1.0 154 161 251 244
rabbit 0.9907 154 161 247 242
rabbit 1.0 153 162 250 246
rabbit 0.999 153 164 247 246
rabbit 0.837 159 162 246 239
rabbit 0.9 160 162 247 240
rabbit 0.9995 155 162 249 242
rabbit 1.0 155 164 248 243
rabbit 1.0 156 161 250 242
rabbit 0.5215 153 163 246 241
rabbit 1.0 154 160 248 244
rabbit 1.0 154 160 246 243
rabbit 1.0 154 161 246 243
rabbit 1.0 155 161 247 241
rabbit 0.999 155 160 249 242
rabbit 0.9985 156 161 249 244
rabbit 1.0 154 161 249 242
rabbit 0.9854 154 161 250 242
rabbit 0.9995 156 156 249 240
rabbit 0.98 155 166 245 243
rabbit 0.8667 153 169 243 243
rabbit 1.0 153 158 247 244
rabbit 0.9995 153 163 245 243
rabbit 1.0 152 161 246 242
rabbit 0.9995 155 156 248 242
rabbit 0.974 158 161 250 241
rabbit 0.7896 158 164 249 242
cheetah 0.958 141 228 228 275
cheetah 1.0 135 231 223 277
cheetah 1.0 133 230 222 278
cheetah 1.0 135 230 223 278
cheetah 1.0 135 230 223 276
cheetah 1.0 143 230 225 278
cheetah 1.0 142 230 224 277
cheetah 0.6475 148 222 234 276
cheetah 0.999 137 226 225 273
cheetah 0.9966 137 225 225 274
cheetah 1.0 137 226 225 273
cheetah 1.0 138 226 226 274
cheetah 0.988 140 227 226 276
cheetah 0.958 140 227 227 276
