cheetah 0.834 101 68 209 126
cheetah 0.9717 100 69 213 128
cheetah 1.0 99 67 220 129
cheetah 0.944 100 69 223 130
cheetah 1.0 99 71 221 132
cheetah 0.5103 103 71 215 127
cheetah 1.0 102 71 213 129
cheetah 1.0 101 70 212 130
cheetah 1.0 101 68 223 130
cheetah 0.9995 97 67 220 131
cheetah 1.0 103 69 220 127
cheetah 0.9985 102 67 222 127
cheetah 0.9985 109 72 216 127
cheetah 0.9917 108 71 217 128
goat 0.9683 152 98 244 176
goat 1.0 159 102 248 182
goat 0.9487 147 97 243 172
goat 0.976 158 105 244 177
goat 0.9995 155 106 240 179
goat 0.9985 159 106 243 180
goat 1.0 155 107 240 179
goat 0.9985 154 107 240 180
goat 1.0 159 104 240 178
goat 1.0 158 103 242 180
goat 1.0 157 104 241 178
goat 1.0 157 104 240 178
goat 1.0 161 106 242 180
goat 0.986 162 107 244 180
goat 1.0 160 106 244 180
goat 0.9995 160 105 243 179
goat 1.0 155 105 240 178
goat 0.9946 157 108 237 179
goat 1.0 158 106 240 178
goat 0.998 159 107 239 177
goat 1.0 158 107 239 178
goat 1.0 158 109 241 182
goat 1.0 158 108 240 179
goat 1.0 160 107 239 179
goat 0.999 161 106 242 177
goat 0.9985 162 107 244 182
goat 1.0 161 107 243 177
goat 0.9937 163 108 242 177
goat 0.8574 155 112 238 186
goat 0.9976 158 107 238 180
goat 0.654 160 109 244 184
cow 0.936 58 220 141 273
cow 0.5303 57 220 139 272
cow 0.9966 56 222 143 275
cow 0.9956 56 221 143 274
cow 0.9756 59 220 145 275
cow 1.0 57 222 148 277
cow 1.0 57 222 148 277
cow 1.0 55 221 143 277
cow 1.0 54 221 141 277
cow 1.0 57 221 145 274
cow 1.0 58 221 146 273
cow 0.9946 61 220 148 277
cow 0.8633 60 221 149 280
cow 0.9995 61 220 140 277
cow 0.998 61 220 142 280
