fish 0.9966 40 84 152 186
fish 0.9883 38 84 156 188
fish 0.9697 40 86 158 187
fish 0.9976 38 86 156 186
fish 0.951 189 95 298 193
fish 0.7993 188 98 299 193
fish 0.77 185 97 296 190
fish 1.0 41 87 152 188
fish 0.999 40 85 156 187
fish 0.998 39 89 159 188
fish 0.999 37 88 152 188
fish 0.998 189 95 298 190
fish 1.0 187 96 300 191
fish 0.751 182 95 296 194
fish 1.0 191 99 300 191
fish 0.647 187 94 302 193
fish 1.0 186 101 293 192
fish 0.999 43 91 152 187
fish 0.992 37 94 153 190
fish 0.9385 40 91 159 187
fish 0.995 36 91 153 191
fish 0.989 190 99 298 191
fish 1.0 185 97 295 191
fish 0.642 187 98 296 192
fish 1.0 190 96 301 189
fish 0.7686 187 96 301 190
fish 1.0 186 97 294 189
fish 0.8345 195 103 301 192
fish 0.982 188 100 294 191
fish 0.9854 188 99 301 190
fish 0.989 191 102 294 192
elephant 0.8457 63 159 185 251
elephant 0.6323 66 163 196 256
elephant 0.6436 70 168 199 257
elephant 0.5005 76 169 197 255
elephant 0.771 61 163 194 257
elephant 0.8433 66 165 197 260
elephant 0.8594 78 169 203 260
elephant 0.9165 72 171 200 261
elephant 0.726 77 174 198 257
elephant 0.504 76 175 200 265
elephant 0.5767 80 175 198 263
fish 0.999 41 87 159 188
fish 0.9995 41 84 162 184
fish 0.9995 36 85 155 185
fish 0.9985 43 82 163 183
fish 0.6934 53 123 182 222
elephant 0.946 60 152 191 244
elephant 0.9824 65 162 197 257
elephant 1.0 68 171 198 262
elephant 0.983 69 167 199 259
elephant 1.0 67 165 198 255
fish 0.8223 43 93 154 186
