penguin 0.9707 87 12 166 111
penguin 0.663 88 10 164 107
penguin 1.0 88 11 165 114
penguin 0.9995 86 10 166 113
penguin 0.915 86 12 164 112
penguin 1.0 85 13 163 117
penguin 0.994 85 9 167 115
penguin 0.893 86 10 166 107
penguin 0.9985 87 9 166 108
penguin 1.0 86 9 167 112
penguin 1.0 88 10 165 109
penguin 1.0 86 9 166 111
penguin 0.9707 86 11 165 110
penguin 1.0 85 10 165 112
penguin 1.0 89 11 164 108
penguin 1.0 87 9 165 112
penguin 0.705 88 11 166 109
penguin 0.935 88 9 166 106
penguin 1.0 87 8 168 111
penguin 1.0 90 9 166 108
penguin 1.0 88 7 167 112
penguin 0.961 87 9 167 111
penguin 1.0 86 9 166 110
penguin 1.0 88 8 165 107
penguin 1.0 86 8 165 109
penguin 0.6855 87 11 165 108
penguin 1.0 89 8 167 108
penguin 0.775 84 16 162 109
penguin 0.504 82 17 164 110
penguin 1.0 87 8 165 108
elephant 0.614 19 190 110 258
elephant 0.754 21 192 112 256
elephant 0.921 21 195 111 260
elephant 0.9644 20 195 110 260
elephant 1.0 23 196 112 259
elephant 1.0 23 196 113 259
elephant 0.915 20 196 113 259
elephant 0.988 23 196 112 258
elephant 1.0 21 197 112 259
elephant 1.0 20 197 112 259
elephant 0.9536 21 195 111 256
elephant 0.9785 21 196 111 256
elephant 0.986 20 195 111 261
elephant 0.931 20 194 109 261
elephant 0.9854 19 194 115 259
elephant 0.993 18 193 112 259
elephant 1.0 20 193 116 259
elephant 1.0 22 193 115 259
elephant 0.998 19 194 112 258
elephant 0.999 20 195 112 258
elephant 1.0 20 194 112 258
elephant 1.0 21 196 111 259
elephant 0.871 28 197 113 256
elephant 1.0 24 196 115 258
elephant 1.0 24 197 117 259
elephant 0.652 102 213 207 286
elephant 0.989 106 218 214 292
elephant 0.63 107 218 214 286
elephant 0.99 104 217 214 290
elephant 0.976 18 190 115 255
elephant 0.9907 20 194 115 260
elephant 0.9873 24 197 119 261
elephant 0.968 103 219 214 291
elephant 0.9995 100 217 218 290
elephant 0.653 101 218 213 290
elephant 1.0 103 220 210 292
elephant 1.0 104 217 214 292
elephant 1.0 104 217 214 292
elephant 1.0 103 216 213 292
elephant 1.0 104 215 214 290
elephant 1.0 104 214 213 290
elephant 0.999 102 215 212 289
elephant 0.9834 104 215 216 288
elephant 0.9824 99 217 211 292
elephant 1.0 104 220 210 293
elephant 0.999 102 216 211 291
elephant 1.0 103 217 215 292
elephant 1.0 105 214 216 292
elephant 0.999 107 217 211 290
elephant 1.0 106 217 212 291
elephant 0.722 108 213 216 292
elephant 0.8804 109 221 214 291
elephant 0.868 104 220 211 292
elephant 0.859 108 220 216 295
