cock 1.0 250 140 305 198
cock 0.972 247 139 304 198
cock 0.9995 247 140 304 197
cock 0.9316 250 141 308 197
cock 1.0 254 140 310 198
cock 0.9995 255 139 311 199
cock 1.0 249 143 306 200
cock 0.9966 248 142 307 202
cock 1.0 250 142 307 200
cock 1.0 250 140 308 200
cock 1.0 248 141 307 199
cock 0.9995 248 141 307 200
cock 0.9478 249 141 311 197
cock 1.0 250 140 306 198
cock 0.9976 248 139 308 199
cock 1.0 250 139 306 197
cock 0.84 252 141 309 198
cock 0.914 247 138 308 200
monkey 0.8296 169 181 283 287
monkey 1.0 165 175 290 295
monkey 1.0 164 175 288 293
monkey 0.9995 166 179 287 293
monkey 0.997 160 174 280 292
monkey 0.999 167 180 285 290
monkey 0.9995 162 181 286 292
monkey 0.9937 163 181 286 291
monkey 0.993 166 179 284 293
monkey 1.0 162 181 287 296
monkey 1.0 162 180 285 297
monkey 1.0 164 176 287 289
monkey 1.0 169 176 291 289
monkey 0.9995 163 175 285 290
monkey 0.9985 164 172 286 286
monkey 1.0 163 178 287 289
