rat 0.9375 187 117 273 175
rat 1.0 190 117 275 175
rat 1.0 190 116 274 175
rat 0.9897 190 117 273 172
rat 1.0 189 117 273 173
rat 1.0 190 117 274 173
rat 0.9863 190 116 274 173
rat 1.0 189 116 273 173
rat 0.9995 189 116 272 173
rat 0.9673 189 117 275 174
rat 1.0 190 115 275 174
rat 1.0 189 115 274 174
rat 0.994 189 118 276 175
rat 1.0 188 118 276 175
rat 1.0 188 118 276 175
rat 0.939 187 118 275 175
rat 1.0 186 115 273 175
rat 1.0 186 114 272 175
monkey 0.7983 105 180 173 241
rabbit 0.8647 44 184 86 218
rabbit 0.8604 43 184 86 217
rabbit 0.916 41 182 87 217
rabbit 0.6206 40 182 87 219
rabbit 0.5977 42 180 91 220
monkey 1.0 112 193 172 247
monkey 0.9805 111 191 171 245
monkey 1.0 111 191 170 246
monkey 0.999 109 191 167 244
monkey 0.9893 114 191 168 241
monkey 0.999 111 190 171 244
monkey 1.0 115 189 172 243
monkey 1.0 111 188 173 243
monkey 0.974 113 190 175 245
monkey 1.0 110 187 171 244
monkey 1.0 109 188 170 245
monkey 1.0 108 189 170 247
monkey 1.0 108 189 168 246
monkey 1.0 109 188 167 248
monkey 0.8105 110 189 170 247
monkey 1.0 110 188 174 244
monkey 0.949 110 193 172 245
monkey 1.0 110 188 174 245
monkey 0.9917 108 189 173 247
monkey 0.9995 107 187 172 245
monkey 0.9985 108 186 171 246
monkey 0.9355 109 185 172 247
monkey 0.829 111 187 171 240
