fish 0.9995 89 42 169 110
fish 0.9385 87 40 171 109
fish 0.8394 86 39 171 108
fish 0.9995 84 44 166 110
fish 0.9375 84 42 169 111
fish 0.619 84 41 169 111
fish 0.979 88 43 167 109
fish 0.707 87 45 166 108
fish 1.0 87 43 168 110
fish 1.0 87 43 168 112
fish 1.0 88 43 168 109
fish 1.0 86 42 167 109
fish 1.0 86 41 166 110
fish 1.0 84 41 166 110
fish 1.0 85 41 166 108
fish 1.0 84 41 167 107
fish 0.974 89 41 169 108
fish 0.52 89 42 170 106
fish 0.9985 89 42 166 109
fish 0.9995 88 38 166 107
fish 1.0 88 43 167 109
fish 1.0 89 43 168 109
fish 0.9966 89 43 167 111
fish 0.999 88 38 168 109
fish 1.0 87 44 165 111
fish 0.9995 86 44 164 110
fish 0.96 90 45 167 113
fish 0.981 89 43 167 112
cow 0.629 194 84 300 151
cow 0.997 195 85 302 153
cow 1.0 193 86 301 155
cow 0.8496 192 83 303 155
cow 0.9995 193 84 301 154
cow 1.0 191 83 304 152
cow 1.0 193 83 304 153
cow 1.0 192 82 303 151
cow 1.0 191 82 300 150
cow 1.0 192 82 301 151
cow 1.0 193 81 301 152
cow 0.8584 198 85 302 155
cow 0.7554 191 82 301 152
cow 0.996 195 85 302 151
