fish 0.78 92 42 165 105
fish 0.987 90 42 165 108
fish 0.972 91 40 165 103
fish 0.4983 90 38 168 102
fish 0.9775 94 42 166 104
fish 0.999 93 43 165 107
fish 0.9985 93 41 166 102
fish 0.7725 93 40 167 101
fish 0.812 91 44 162 106
fish 0.9575 94 47 165 105
fish 1.0 91 45 164 107
fish 0.981 88 43 164 109
fish 1.0 91 45 163 106
fish 1.0 91 45 163 107
fish 1.0 92 45 166 106
fish 0.995 91 41 168 105
fish 1.0 91 44 165 105
fish 1.0 90 44 165 105
fish 0.994 93 42 165 104
fish 0.9966 92 43 165 104
fish 0.9966 91 40 165 103
fish 0.9434 88 37 164 104
fish 1.0 91 42 163 103
fish 1.0 92 42 162 103
fish 0.999 95 44 165 103
fish 0.9937 93 41 166 103
fish 1.0 94 45 164 104
fish 1.0 93 46 164 104
fish 0.541 97 49 166 108
fish 0.5166 88 43 166 109
fish 0.896 92 42 164 103
