fish 0.964 151 194 256 284
fish 0.811 149 192 257 286
fish 0.9663 147 195 254 284
fish 1.0 148 195 262 286
fish 0.9434 146 194 259 288
fish 1.0 148 196 258 285
fish 0.96 146 195 258 290
fish 0.9863 146 195 259 290
fish 1.0 150 197 260 285
fish 0.9766 148 195 261 286
fish 0.5737 150 197 256 284
fish 1.0 147 195 263 288
fish 0.97 149 197 258 286
fish 1.0 145 196 257 287
fish 0.9473 142 194 255 286
fish 0.972 141 193 255 286
fish 1.0 149 195 258 285
fish 0.9717 150 196 258 285
fish 0.731 150 197 255 284
fish 0.99 147 195 258 286
fish 0.98 143 192 259 283
fish 0.683 148 198 255 285
fish 0.9907 147 195 257 286
