turtle 0.979 96 60 221 144
turtle 0.997 98 61 219 146
turtle 0.716 98 61 220 143
turtle 0.997 103 61 219 144
turtle 0.868 103 61 221 144
turtle 0.9814 104 61 215 141
turtle 0.9937 99 61 222 144
turtle 0.8687 99 61 222 147
turtle 0.9995 99 61 224 145
turtle 0.8135 95 61 225 148
turtle 0.7163 95 62 223 148
turtle 0.9995 99 63 220 146
turtle 0.9824 98 61 220 147
turtle 0.892 99 61 221 146
turtle 0.9897 99 62 214 147
turtle 0.929 103 62 215 143
turtle 0.9883 99 61 223 141
turtle 0.983 100 63 222 148
turtle 0.8613 98 61 222 147
turtle 0.9917 98 61 220 145
turtle 0.756 99 61 217 144
turtle 0.9556 101 64 216 146
