turtle 0.995 13 200 89 255
turtle 1.0 12 201 88 253
turtle 0.9995 13 202 89 253
turtle 0.998 13 200 91 255
turtle 1.0 13 201 91 255
turtle 1.0 13 201 90 255
turtle 0.5146 14 199 91 255
turtle 0.5366 14 200 92 254
turtle 0.992 11 202 88 255
turtle 0.9995 14 202 91 256
turtle 1.0 14 203 92 255
turtle 1.0 14 203 93 255
turtle 1.0 13 202 88 256
turtle 1.0 13 202 89 255
turtle 1.0 13 202 88 255
turtle 1.0 16 204 90 257
turtle 1.0 14 205 90 257
turtle 0.9404 13 203 91 256
turtle 0.8325 12 205 89 256
turtle 0.9614 14 202 89 253
turtle 0.999 16 203 89 253
turtle 0.956 16 205 88 255
