rabbit 0.8667 68 78 128 136
rabbit 0.7295 62 71 130 136
rabbit 0.971 70 79 130 137
rabbit 1.0 66 79 126 135
rabbit 0.9995 64 79 125 136
rabbit 1.0 69 80 129 137
rabbit 1.0 70 80 129 138
rabbit 1.0 69 78 130 137
rabbit 0.9785 70 82 129 135
rabbit 0.999 68 82 127 135
rabbit 0.9434 71 79 131 137
rabbit 0.996 71 83 129 135
rabbit 0.9985 70 85 128 135
rabbit 1.0 69 83 131 141
rabbit 1.0 69 82 132 139
rabbit 0.999 68 84 132 140
rabbit 0.7754 73 88 136 142
rabbit 0.8867 71 94 131 147
monkey 0.929 71 154 128 206
monkey 0.991 72 154 129 205
monkey 1.0 70 159 125 209
monkey 1.0 70 157 124 207
monkey 0.9434 67 162 118 208
monkey 0.813 69 155 129 208
monkey 1.0 73 156 131 207
monkey 1.0 75 156 131 207
monkey 1.0 70 155 125 205
monkey 1.0 70 154 124 205
monkey 1.0 69 153 124 207
monkey 0.9395 72 156 124 208
monkey 1.0 68 155 121 207
monkey 0.7466 68 158 127 211
monkey 0.615 68 160 126 211
monkey 0.9995 71 157 126 205
monkey 0.998 71 157 126 205
