dog 0.8213 74 72 191 173
dog 0.5796 77 74 191 173
dog 0.8804 80 75 196 174
dog 0.9995 76 73 196 176
dog 1.0 75 73 196 175
dog 1.0 74 73 194 177
dog 1.0 70 71 193 180
dog 0.998 78 74 192 176
dog 0.9937 75 77 195 178
dog 0.9995 73 72 199 177
dog 0.9995 76 71 194 175
dog 1.0 69 66 193 173
dog 0.931 79 70 197 176
fish 0.9277 60 200 112 244
fish 0.926 56 199 111 246
fish 0.993 56 199 111 247
fish 1.0 60 200 114 245
fish 1.0 61 202 116 246
fish 0.9717 61 201 117 245
fish 0.9644 61 200 117 246
fish 0.995 55 200 112 248
fish 0.994 55 200 112 247
fish 1.0 59 201 116 246
fish 1.0 58 202 116 247
fish 0.9946 58 203 118 248
fish 0.968 59 201 120 247
fish 0.9546 59 202 114 247
dog 1.0 81 72 195 176
dog 1.0 79 71 194 174
dog 1.0 78 72 196 173
dog 1.0 75 72 191 173
dog 0.999 75 78 192 179
dog 0.913 75 69 194 172
dog 0.8975 70 67 190 166
dog 0.786 70 71 192 167
