cat 0.746 107 138 210 212
cat 0.6406 111 138 212 213
cat 0.6353 116 131 218 206
elephant 0.998 234 136 293 177
elephant 0.9995 234 135 292 176
elephant 0.9985 234 135 293 176
elephant 0.99 233 136 293 176
cat 0.9517 102 141 210 213
cat 0.997 103 142 215 215
cat 0.769 103 141 212 215
cat 0.997 105 140 212 213
cat 0.9995 104 139 211 215
cat 1.0 103 140 212 215
cat 0.9985 107 140 213 216
cat 0.9976 106 138 210 215
cat 1.0 104 139 211 216
cat 0.9634 105 133 211 211
cat 0.969 110 136 210 210
elephant 0.9985 233 135 292 175
goat 0.8457 14 185 62 224
cat 0.752 101 142 207 211
cat 1.0 105 141 214 212
cat 0.9478 104 141 210 214
cat 0.9956 105 141 213 211
cat 1.0 102 138 213 214
cat 1.0 104 139 213 213
cat 0.9976 106 138 214 212
cat 1.0 99 136 213 214
cat 1.0 98 136 211 214
cat 0.852 108 138 214 213
cat 0.994 96 135 212 212
goat 0.989 18 183 67 222
goat 0.825 13 182 62 222
goat 0.9995 13 183 61 221
goat 0.975 13 182 61 220
goat 0.9976 11 181 59 221
cat 0.9893 106 143 214 215
cat 0.9814 104 139 211 213
goat 0.997 12 180 61 219
goat 0.9814 11 182 61 220
