octopus 0.469 205 16 313 89
turtle 0.4897 204 17 315 87
turtle 0.5234 209 20 308 92
turtle 0.9976 215 33 306 95
turtle 0.9985 213 30 309 94
turtle 0.987 209 28 308 93
turtle 1.0 215 36 305 96
turtle 0.9995 213 31 308 94
turtle 0.5107 224 38 309 97
turtle 0.999 218 37 310 96
turtle 0.9985 214 33 311 93
turtle 0.918 216 31 308 97
turtle 0.845 212 31 307 100
turtle 1.0 217 31 310 97
turtle 1.0 216 29 311 96
turtle 0.8813 215 34 307 98
turtle 0.998 210 34 306 98
turtle 1.0 215 33 308 99
turtle 1.0 216 33 310 99
turtle 0.9146 216 35 311 99
turtle 0.8794 218 35 313 103
turtle 1.0 215 35 310 98
turtle 1.0 215 34 309 98
turtle 0.7266 210 28 310 95
turtle 0.9873 214 30 311 93
turtle 0.6426 216 37 309 99
turtle 0.7163 217 29 312 95
cat 0.9067 38 190 106 240
cat 0.849 40 197 106 242
cat 0.998 42 198 108 241
cat 1.0 43 198 105 239
cat 0.9995 43 198 108 240
cat 0.9795 40 197 107 243
cat 0.9995 41 198 104 241
fish 0.9927 93 207 181 281
fish 0.8394 100 207 184 278
cat 0.9995 42 200 104 241
cat 0.9893 40 200 105 242
cat 0.556 43 199 115 246
cat 0.928 45 201 115 244
fish 0.7676 92 205 176 277
fish 0.996 93 205 181 280
fish 0.997 91 207 180 276
fish 0.989 89 208 179 276
fish 0.987 96 209 182 281
fish 1.0 96 210 183 283
fish 1.0 97 208 183 281
fish 1.0 96 208 182 281
fish 0.9736 98 209 182 278
fish 0.9995 93 212 181 283
fish 1.0 96 209 182 279
fish 0.999 97 208 182 279
fish 0.999 93 208 183 282
fish 0.925 91 206 184 283
fish 1.0 90 208 183 282
fish 0.9966 91 210 182 281
fish 1.0 96 209 186 281
fish 0.9995 95 209 184 282
fish 1.0 97 210 184 281
fish 1.0 96 209 183 281
fish 1.0 91 208 181 281
fish 0.9995 92 209 181 283
fish 1.0 92 208 181 282
fish 1.0 95 208 182 281
fish 0.97 91 204 182 281
fish 1.0 95 203 184 276
fish 0.9507 96 206 186 280
fish 1.0 96 204 186 280
fish 1.0 91 203 179 277
