goat 0.9995 99 168 220 274
goat 0.9995 93 166 219 275
goat 1.0 93 163 222 275
goat 1.0 90 162 222 276
goat 0.9927 94 167 218 277
goat 0.992 94 162 221 273
goat 0.9985 95 161 225 272
goat 0.9927 96 160 225 270
cheetah 0.9834 202 216 296 266
cheetah 0.9897 202 216 295 266
cheetah 0.999 205 218 296 268
cheetah 1.0 204 218 296 267
cheetah 0.9995 202 216 299 268
cheetah 1.0 202 217 297 267
cheetah 0.6377 198 218 287 267
cheetah 0.9995 201 216 293 262
cheetah 1.0 199 216 294 263
cheetah 1.0 203 213 295 263
cheetah 1.0 203 214 296 263
cheetah 1.0 204 215 300 265
cheetah 0.9995 202 214 298 265
cheetah 0.7314 211 215 299 265
goat 0.9014 91 169 217 277
goat 1.0 95 162 222 270
goat 1.0 90 165 217 274
goat 1.0 97 157 221 268
goat 1.0 91 161 219 272
goat 0.9995 94 161 219 272
