elephant 0.5195 193 115 262 165
elephant 0.6987 197 116 254 163
elephant 1.0 196 117 262 165
elephant 1.0 195 118 262 166
elephant 0.997 192 117 261 166
elephant 1.0 192 115 262 167
elephant 1.0 192 114 261 167
elephant 0.975 194 117 262 166
elephant 0.9995 192 118 261 166
elephant 0.9995 198 116 263 164
elephant 0.9995 196 115 261 165
elephant 0.9985 194 118 261 164
elephant 1.0 197 117 261 165
elephant 0.999 197 117 260 165
elephant 0.8794 196 118 258 165
fish 0.6836 125 171 205 235
fish 1.0 131 176 207 236
fish 0.9976 126 174 205 238
fish 0.974 127 173 204 238
fish 0.9995 128 173 209 237
fish 0.9995 127 174 209 237
fish 1.0 127 174 207 237
fish 1.0 126 171 207 237
fish 1.0 129 172 208 235
fish 1.0 126 171 206 235
fish 1.0 124 170 204 236
fish 0.9995 122 172 203 238
fish 0.9995 120 168 203 239
fish 0.9995 122 168 203 239
fish 0.997 127 169 205 234
fish 1.0 128 170 206 234
fish 0.9995 128 170 207 234
fish 0.9995 127 169 204 236
fish 1.0 130 170 204 236
fish 1.0 125 170 203 236
fish 1.0 125 168 204 236
fish 0.997 129 171 203 238
fish 0.997 126 171 202 237
fish 0.99 125 172 202 236
fish 0.9917 128 167 205 235
