cow 0.5527 141 35 251 106
cow 0.924 139 35 252 110
cow 0.99 144 38 253 110
cow 1.0 141 39 251 109
cow 1.0 141 40 254 109
cow 1.0 142 38 253 109
cow 1.0 139 38 253 109
cow 1.0 135 38 253 113
cow 0.983 137 38 252 113
cow 0.595 144 39 248 109
cow 0.9966 143 38 253 108
cow 0.7686 147 42 248 109
cow 1.0 143 39 250 107
cow 0.6665 151 44 252 110
cow 0.961 149 43 254 110
rabbit 1.0 18 115 92 179
rabbit 0.9893 20 109 93 174
rabbit 1.0 16 110 94 177
rabbit 1.0 17 109 94 176
rabbit 1.0 19 108 93 178
rabbit 1.0 18 109 94 174
rabbit 1.0 18 109 92 173
rabbit 1.0 18 108 94 174
rabbit 1.0 20 108 94 173
rabbit 1.0 19 111 94 176
rabbit 1.0 18 111 93 176
rabbit 1.0 18 111 93 176
rabbit 1.0 18 108 99 176
rabbit 1.0 18 108 99 176
rabbit 1.0 20 107 97 176
rabbit 1.0 17 109 95 176
rabbit 1.0 17 111 94 177
rabbit 1.0 18 111 94 177
rabbit 1.0 18 111 94 177
rabbit 1.0 16 109 94 175
rabbit 1.0 16 109 93 175
rabbit 1.0 15 109 94 176
rabbit 1.0 16 106 94 172
cheetah 0.991 123 195 189 231
cheetah 0.5015 127 193 196 232
cheetah 0.995 126 196 194 232
cheetah 0.9995 124 197 190 235
cheetah 1.0 125 197 190 233
cheetah 0.992 125 195 195 235
cheetah 0.9995 125 196 193 233
cheetah 0.964 122 197 192 236
