octopus 0.9624 87 89 155 146
octopus 0.997 88 87 153 144
octopus 0.999 87 86 152 145
octopus 1.0 87 86 153 143
octopus 0.971 86 83 154 142
octopus 1.0 89 85 155 144
octopus 1.0 90 84 156 143
octopus 0.994 87 84 155 142
octopus 0.9995 87 83 153 141
octopus 1.0 87 83 154 141
octopus 1.0 91 82 157 142
octopus 1.0 89 80 156 142
octopus 1.0 88 84 152 141
octopus 0.9863 87 85 151 143
octopus 1.0 86 82 151 142
octopus 1.0 87 83 154 142
octopus 0.999 88 87 154 144
octopus 1.0 89 85 156 143
octopus 1.0 88 84 156 142
octopus 0.962 88 83 153 139
octopus 0.957 88 76 152 134
octopus 0.967 87 85 152 140
dog 0.988 72 205 179 296
dog 0.9976 75 208 179 299
dog 0.8745 79 207 176 292
dog 0.9995 74 208 182 298
dog 0.8594 73 210 181 296
dog 0.592 71 207 177 299
dog 1.0 71 207 178 299
dog 0.73 68 206 178 301
dog 1.0 72 208 176 299
dog 0.949 74 207 178 298
dog 0.9404 75 207 177 298
dog 1.0 75 206 180 296
dog 0.9595 75 207 179 294
dog 0.9995 70 207 178 296
dog 1.0 73 202 179 295
dog 1.0 74 207 180 298
dog 0.893 74 207 178 300
dog 0.9795 75 206 179 298
dog 1.0 71 206 177 296
dog 0.772 68 205 177 297
dog 0.6436 72 203 180 297
dog 0.9995 73 204 182 294
dog 0.9067 74 212 175 305
