elephant 0.9985 233 46 308 95
elephant 1.0 232 46 307 95
elephant 0.985 232 45 308 94
elephant 0.9927 233 48 307 98
elephant 0.999 232 47 306 97
elephant 0.978 231 46 307 96
elephant 0.9873 232 43 302 97
elephant 0.9995 232 43 305 95
elephant 1.0 232 46 305 97
elephant 1.0 230 46 305 96
elephant 1.0 230 44 305 94
elephant 0.9995 234 43 307 95
elephant 1.0 233 42 308 94
elephant 1.0 234 42 308 94
elephant 0.6255 239 41 307 93
elephant 0.9995 234 42 307 93
elephant 0.9824 232 43 305 96
elephant 0.998 233 42 304 95
elephant 0.8975 234 44 305 97
elephant 0.856 235 44 307 97
cock 0.9424 70 147 136 216
cock 0.688 66 151 135 216
cock 0.9966 70 153 137 222
cock 1.0 70 157 135 225
cock 1.0 69 155 134 221
cock 0.978 69 153 134 220
cock 0.819 73 154 138 218
cock 1.0 71 153 140 222
cock 1.0 71 152 139 223
cock 1.0 71 151 138 224
cock 1.0 67 153 136 224
cock 1.0 69 156 135 224
cock 1.0 69 153 136 224
cock 1.0 70 154 136 223
cock 1.0 70 153 138 221
cock 1.0 70 152 138 220
cock 1.0 71 153 139 222
cock 0.9985 71 153 138 224
cock 0.9995 72 154 139 223
cock 0.9976 71 153 139 223
cock 1.0 68 153 137 224
cock 1.0 71 156 134 222
cock 1.0 68 151 136 223
cock 1.0 69 151 136 223
cock 0.998 70 153 136 222
cock 0.9985 70 153 135 223
cock 0.998 68 154 134 222
cock 0.9995 70 149 134 214
