penguin 0.999 175 98 215 149
penguin 1.0 176 95 215 146
penguin 0.9976 177 93 216 145
penguin 1.0 176 96 215 146
penguin 1.0 176 99 213 146
penguin 0.9863 175 98 214 146
penguin 0.613 180 98 223 147
penguin 0.997 176 97 215 147
penguin 0.7646 176 98 222 150
penguin 1.0 176 95 217 148
penguin 0.9883 175 95 216 146
fish 0.9453 92 133 213 239
fish 0.722 90 133 212 239
fish 0.8916 86 134 212 238
fish 1.0 92 138 213 239
fish 0.9995 94 136 215 242
fish 0.9995 89 136 213 242
fish 0.9854 97 141 213 240
fish 1.0 94 140 215 243
fish 0.9995 91 139 214 243
fish 1.0 90 138 212 244
fish 0.9517 95 143 210 236
fish 1.0 96 136 211 236
fish 1.0 90 141 205 241
fish 1.0 98 136 212 233
fish 0.9995 89 135 206 235
fish 0.999 93 142 212 238
fish 0.9585 93 135 205 232
fish 0.999 95 148 217 243
fish 0.998 92 146 223 237
