rat 0.9453 159 122 241 178
rat 0.9375 160 123 238 176
rat 0.6357 160 122 239 175
rat 0.9883 159 123 238 178
rat 0.9995 160 125 239 178
rat 1.0 160 124 239 178
rat 0.9624 163 124 240 179
rat 0.94 162 123 239 179
rat 0.548 161 122 239 178
rat 0.7837 148 126 232 182
rat 0.9546 156 121 242 179
rat 1.0 160 123 246 179
rat 1.0 161 124 245 178
rat 0.998 159 121 241 178
rat 1.0 160 121 241 177
rat 1.0 159 122 241 177
rat 0.9907 160 121 242 177
rat 1.0 159 121 243 179
rat 1.0 160 122 243 179
rat 0.855 162 124 242 177
rat 0.931 151 131 235 190
rat 0.9556 159 124 240 182
rat 0.9985 157 125 242 183
rat 0.998 156 127 242 184
rat 0.822 163 124 242 183
rat 0.995 102 156 214 232
rat 0.9995 102 157 212 230
rat 0.981 102 157 209 228
rat 0.9995 99 159 207 230
rat 0.9995 100 158 210 230
rat 1.0 101 158 212 231
rat 0.998 108 153 213 227
rat 0.996 107 158 211 228
rat 1.0 106 160 211 229
rat 0.953 123 151 225 221
rat 0.7495 122 158 216 223
rat 0.9785 102 157 213 232
rat 0.9995 104 156 210 229
rat 0.8394 102 158 209 228
rat 0.9985 100 156 210 230
rat 1.0 104 158 212 229
rat 1.0 101 158 213 230
rat 0.9976 104 162 211 234
rat 1.0 105 157 210 229
rat 1.0 103 158 209 228
rat 0.998 111 157 216 230
rat 0.912 103 162 208 238
rat 0.9854 100 157 208 233
rat 0.9688 105 160 211 232
