elephant 1.0 15 49 138 129
elephant 0.586 12 46 129 125
elephant 0.9995 14 50 137 130
elephant 0.959 12 44 131 130
elephant 0.9976 12 46 136 128
elephant 1.0 15 46 133 126
elephant 0.9985 11 46 137 129
elephant 0.71 12 47 134 128
elephant 1.0 14 47 134 127
elephant 0.997 13 48 132 127
elephant 0.982 14 47 132 127
elephant 0.998 10 46 133 127
elephant 0.9893 10 47 131 128
elephant 0.748 12 47 131 129
elephant 0.9937 14 44 134 123
elephant 0.9976 16 46 133 124
elephant 0.9023 12 45 130 126
elephant 0.988 14 49 132 128
cow 1.0 50 160 160 224
cow 1.0 51 159 162 225
cow 1.0 46 157 160 226
cow 1.0 46 159 158 227
cow 1.0 46 158 161 227
cow 1.0 46 158 159 228
cow 1.0 51 159 160 226
cow 1.0 50 158 160 227
cow 1.0 48 157 156 224
cow 1.0 47 158 157 224
cow 1.0 48 158 156 224
cow 1.0 47 157 156 224
cow 0.5024 65 162 161 226
