dog 0.7236 50 111 103 153
dog 0.863 53 113 101 151
dog 0.874 55 115 102 151
dog 0.988 56 111 107 153
dog 0.749 52 112 101 151
octopus 0.9995 27 166 137 259
octopus 1.0 27 162 138 258
octopus 1.0 30 163 141 258
octopus 0.9995 23 167 139 262
octopus 1.0 31 161 139 256
octopus 1.0 26 161 134 259
octopus 1.0 29 165 138 260
octopus 0.9995 26 162 140 257
octopus 0.6724 25 166 135 260
octopus 0.998 25 164 137 261
octopus 0.997 26 160 137 259
octopus 0.993 30 163 139 257
turtle 0.998 53 82 190 177
turtle 0.995 60 85 197 180
turtle 0.9814 53 88 190 183
turtle 0.997 66 91 203 185
octopus 0.798 41 130 170 227
turtle 0.6367 66 103 196 197
octopus 0.9917 25 163 135 262
octopus 0.9956 27 163 140 260
octopus 0.95 24 162 143 257
turtle 0.4836 69 91 200 183
