penguin 0.998 175 85 268 194
penguin 1.0 177 81 269 197
penguin 0.7505 179 86 265 190
penguin 1.0 176 83 269 198
penguin 0.63 178 84 269 188
penguin 1.0 178 83 270 199
penguin 0.666 176 82 265 194
penguin 1.0 174 78 268 196
penguin 0.7617 175 79 268 198
penguin 0.825 177 83 268 193
penguin 1.0 176 82 266 197
penguin 0.9995 176 83 266 194
penguin 1.0 179 79 272 194
penguin 1.0 175 78 268 196
penguin 0.704 177 82 266 194
penguin 1.0 175 79 268 197
penguin 0.963 175 86 268 197
penguin 0.998 175 81 268 195
penguin 0.9995 176 80 268 195
penguin 1.0 27 193 102 286
penguin 0.9937 26 195 100 284
penguin 0.906 26 196 100 282
penguin 0.998 26 201 96 288
penguin 0.785 25 194 98 283
penguin 0.591 21 195 98 285
penguin 1.0 25 196 99 285
penguin 1.0 25 198 100 287
penguin 1.0 24 195 100 285
penguin 1.0 25 195 100 286
penguin 1.0 27 197 99 286
penguin 1.0 27 198 97 283
penguin 1.0 26 195 99 287
penguin 0.9966 27 194 101 285
penguin 0.6973 23 198 94 283
penguin 0.806 24 192 98 285
penguin 1.0 27 194 102 286
penguin 1.0 29 194 101 284
penguin 1.0 28 195 101 287
penguin 0.998 28 195 100 286
penguin 1.0 27 197 98 284
penguin 1.0 30 198 100 281
penguin 1.0 27 195 97 286
penguin 0.999 27 196 96 286
penguin 0.85 29 203 95 285
penguin 1.0 30 196 98 282
penguin 0.9985 27 201 97 285
penguin 0.8154 27 202 97 285
penguin 0.634 31 201 98 284
penguin 1.0 31 196 98 281
penguin 0.991 30 196 98 287
penguin 0.751 29 199 98 287
penguin 0.668 177 80 268 190
penguin 0.9116 177 81 271 191
