monkey 0.9546 175 81 282 180
monkey 0.9995 175 82 287 181
monkey 1.0 175 78 290 183
monkey 1.0 174 76 286 184
monkey 0.852 183 78 290 180
monkey 0.998 176 80 291 185
monkey 1.0 170 79 288 180
monkey 1.0 178 78 290 180
monkey 1.0 174 76 286 181
monkey 0.9795 178 84 290 190
monkey 0.9863 169 77 287 182
monkey 0.9175 172 76 290 185
monkey 0.963 174 75 287 185
goat 0.869 40 156 145 249
goat 0.9995 37 162 142 250
goat 0.7344 42 162 139 249
goat 0.9976 42 162 144 252
goat 1.0 41 161 146 254
goat 0.917 40 161 148 253
goat 1.0 38 162 147 252
goat 0.9976 40 160 149 251
goat 0.998 40 160 149 254
goat 1.0 40 164 145 252
goat 0.9956 38 161 144 255
goat 0.574 37 163 145 255
goat 0.993 38 163 143 254
goat 1.0 42 159 149 252
goat 0.895 45 163 148 252
goat 1.0 41 164 148 253
goat 0.963 42 162 149 252
goat 0.986 39 160 149 253
goat 1.0 44 168 146 255
goat 0.993 43 163 146 256
goat 0.9956 41 165 145 256
goat 0.8203 38 169 140 260
goat 0.933 43 164 145 256
goat 0.539 41 169 148 255
goat 0.985 46 166 149 254
monkey 1.0 173 80 284 185
monkey 1.0 172 79 284 185
monkey 1.0 178 74 288 180
monkey 1.0 174 79 287 186
monkey 0.995 167 76 286 183
monkey 1.0 175 81 289 185
