cheetah 0.9844 144 121 210 156
cheetah 0.81 151 121 215 158
cheetah 0.973 151 120 213 156
cat 0.856 81 138 183 207
cat 0.959 82 140 183 208
cat 0.879 82 138 190 207
cheetah 0.7905 146 120 217 159
cat 0.6343 76 139 182 211
cat 0.9814 81 142 188 211
cat 1.0 81 140 187 211
cat 1.0 81 140 187 211
cat 0.9937 78 139 187 209
cat 1.0 82 138 187 209
cat 1.0 80 138 188 210
cat 0.989 77 141 184 211
cat 1.0 71 137 187 210
cat 0.9985 74 136 189 209
cat 0.9917 80 140 185 209
cat 1.0 79 139 187 211
cat 1.0 81 138 187 210
cat 0.991 76 140 186 210
cat 1.0 80 138 188 211
cat 1.0 82 139 187 210
cat 0.992 78 140 189 209
cat 1.0 76 139 189 211
cat 0.9985 79 140 187 211
cat 0.904 80 143 184 214
cat 0.845 79 142 185 213
cat 0.925 88 142 189 211
