octopus 0.9844 166 30 233 85
octopus 0.999 169 22 236 81
octopus 0.999 169 22 237 82
octopus 1.0 166 23 235 82
octopus 0.9854 166 21 233 79
octopus 1.0 166 22 235 82
octopus 1.0 167 22 236 80
octopus 0.9995 164 22 235 81
octopus 0.9995 164 20 233 80
octopus 1.0 163 20 233 80
octopus 0.6113 170 19 238 79
octopus 1.0 173 18 241 78
octopus 1.0 172 17 241 78
octopus 1.0 167 21 233 77
octopus 0.997 167 22 231 77
octopus 1.0 166 20 233 77
octopus 1.0 167 20 235 78
octopus 1.0 166 22 233 78
octopus 1.0 166 21 234 79
octopus 1.0 166 20 233 79
octopus 0.99 168 24 235 79
octopus 0.9927 168 20 234 76
octopus 0.999 168 25 234 80
cock 0.8296 107 122 165 180
cock 1.0 112 123 163 175
cock 1.0 110 122 161 175
cock 0.954 107 121 162 176
cock 0.9863 111 120 164 175
cock 0.9995 115 120 166 174
cock 1.0 113 122 163 175
cock 1.0 112 121 163 175
cock 1.0 111 120 162 174
cock 1.0 109 120 160 173
cock 1.0 111 120 161 173
cock 1.0 111 120 160 171
cock 0.9956 110 123 161 173
