cock 0.9517 91 37 186 129
cock 0.6865 95 41 187 130
cock 1.0 94 40 189 136
cock 1.0 93 40 189 136
cock 0.9995 93 39 189 135
cock 0.9775 92 39 190 136
cock 1.0 89 38 187 140
cock 0.979 90 37 188 140
cock 0.6167 98 44 193 135
cock 0.978 94 39 190 136
cock 1.0 96 40 188 133
cock 0.9966 92 39 188 138
cock 1.0 94 40 185 135
cock 1.0 91 39 186 137
cock 0.9956 91 38 187 138
cock 0.9995 92 38 189 137
cock 1.0 95 42 188 136
cock 0.999 93 39 190 139
cock 0.9683 97 40 190 134
cock 0.9907 99 42 191 137
cock 0.9995 93 41 186 133
cock 1.0 97 43 189 139
cock 0.999 92 41 188 137
cock 0.999 92 40 187 137
cock 1.0 94 40 188 135
cock 0.998 92 38 188 137
cock 0.8325 98 38 192 132
cock 0.8193 93 42 186 134
cock 0.813 96 42 186 132
dog 0.9775 2 146 51 188
dog 0.991 2 145 53 187
dog 0.9893 3 145 54 185
dog 0.943 4 146 52 188
dog 1.0 3 146 52 187
dog 0.999 1 146 50 185
dog 0.9985 1 143 50 185
dog 1.0 1 144 51 185
monkey 0.6816 40 149 129 231
monkey 0.9995 46 160 128 237
monkey 0.956 50 153 134 234
dog 0.9077 7 144 52 182
monkey 0.6377 46 153 132 233
monkey 0.9873 44 155 134 237
monkey 0.9985 46 156 133 232
monkey 0.828 46 158 131 230
monkey 0.9976 45 154 131 236
monkey 0.999 45 154 131 237
monkey 1.0 44 154 130 236
monkey 1.0 45 154 130 236
monkey 0.998 45 154 132 237
monkey 1.0 43 154 131 238
monkey 1.0 45 154 131 237
monkey 0.999 46 155 130 235
monkey 0.998 49 152 136 231
monkey 0.9873 47 154 136 234
monkey 1.0 50 153 137 232
monkey 0.9062 48 155 137 233
monkey 0.9995 45 154 132 234
monkey 0.9995 47 155 132 235
monkey 1.0 46 155 132 235
monkey 1.0 47 155 133 234
monkey 1.0 44 154 131 235
monkey 0.999 44 153 133 235
monkey 1.0 44 152 130 235
monkey 0.9985 44 153 131 234
monkey 0.9785 47 159 136 236
monkey 0.9995 49 150 133 230
monkey 0.9814 48 156 133 235
monkey 0.999 47 153 133 233
monkey 0.9985 46 154 129 231
