cock 0.9995 23 98 98 174
cock 0.947 25 100 99 172
cock 0.704 21 93 93 170
cock 1.0 22 95 98 175
cock 1.0 25 96 98 171
cock 1.0 23 95 97 174
cock 1.0 24 96 96 172
cock 0.9985 23 95 99 172
cock 0.9995 24 94 99 171
cock 1.0 22 96 98 172
cock 1.0 21 96 95 171
cock 0.9995 24 94 99 171
cock 1.0 25 93 99 170
cock 1.0 22 95 97 170
cock 1.0 25 96 96 169
cock 1.0 23 95 96 170
cock 1.0 24 95 97 172
cock 1.0 23 95 97 170
cock 1.0 24 93 99 170
cock 1.0 24 95 97 170
cock 0.9995 23 95 97 172
cock 0.993 22 96 98 170
cock 1.0 24 98 96 170
cock 1.0 24 95 97 171
cock 1.0 25 94 96 172
cock 0.7617 23 96 98 170
cock 1.0 24 96 101 173
cock 0.9937 22 96 95 170
cock 0.995 22 96 94 171
cock 0.9897 22 95 95 166
