fish 0.7373 148 127 241 204
fish 1.0 149 130 246 209
fish 0.999 147 127 240 203
fish 0.9995 150 127 242 204
fish 1.0 151 127 242 204
fish 0.9995 150 125 240 205
fish 1.0 148 126 240 205
fish 0.998 151 128 241 206
fish 0.7695 152 126 244 203
fish 0.781 148 126 239 207
fish 1.0 148 126 247 208
fish 1.0 148 127 244 208
fish 1.0 151 127 247 209
fish 1.0 151 128 246 208
fish 1.0 150 126 242 207
fish 0.9995 152 128 242 210
fish 1.0 149 128 239 207
fish 1.0 149 129 240 208
fish 0.9995 150 127 242 209
fish 0.9995 147 127 242 211
fish 1.0 148 128 243 210
fish 1.0 149 124 246 205
fish 0.9795 148 125 246 206
fish 0.9844 150 125 246 205
fish 1.0 149 125 243 205
fish 0.998 151 126 247 206
fish 1.0 151 124 246 206
fish 0.9995 149 126 242 206
