turtle 0.534 13 65 93 120
turtle 0.9697 14 65 92 120
turtle 0.9956 15 62 95 117
turtle 1.0 16 63 97 118
turtle 1.0 16 64 97 119
turtle 1.0 13 65 95 119
turtle 1.0 13 64 95 119
turtle 1.0 15 64 94 120
turtle 0.8677 11 64 93 119
turtle 1.0 10 63 91 120
turtle 1.0 11 63 91 120
goat 1.0 185 52 302 147
goat 1.0 181 49 297 146
goat 0.5815 184 46 295 143
goat 1.0 182 51 292 146
goat 0.7764 185 50 291 142
goat 0.8276 188 53 294 141
goat 0.9985 184 52 293 145
turtle 0.989 14 63 96 119
turtle 0.9995 15 64 97 119
turtle 0.999 15 63 96 119
turtle 0.998 13 65 96 119
turtle 1.0 15 64 95 118
turtle 1.0 15 64 94 118
turtle 0.809 16 64 95 118
turtle 0.949 16 64 94 119
turtle 0.904 16 63 93 119
goat 1.0 187 53 300 148
goat 1.0 182 51 297 148
goat 1.0 184 53 294 151
goat 0.8203 185 52 293 147
goat 0.9995 183 51 292 145
goat 0.5107 194 54 293 142
goat 0.951 186 52 294 146
goat 0.997 183 47 296 141
goat 0.998 183 46 295 144
goat 0.5674 188 55 297 146
goat 0.961 189 53 294 147
penguin 1.0 67 141 137 230
penguin 0.5034 68 136 138 221
penguin 0.992 69 137 142 225
penguin 0.9995 69 136 143 226
penguin 0.9937 70 136 141 225
penguin 1.0 66 135 140 227
penguin 1.0 67 137 139 224
penguin 1.0 66 134 141 227
penguin 1.0 66 134 140 227
penguin 0.9956 64 134 139 227
penguin 1.0 66 137 139 229
penguin 0.9883 64 133 140 228
penguin 1.0 70 133 143 222
penguin 0.9995 70 132 142 220
penguin 0.9985 69 133 140 222
penguin 1.0 65 133 138 224
penguin 1.0 68 135 138 224
penguin 1.0 64 134 139 224
penguin 1.0 63 133 139 223
penguin 1.0 63 132 139 227
penguin 1.0 66 134 140 227
penguin 0.9976 62 132 141 228
penguin 0.9927 71 132 143 221
penguin 0.945 67 138 142 229
penguin 1.0 69 135 140 225
penguin 1.0 67 133 143 228
penguin 1.0 66 133 143 229
penguin 0.9995 63 133 139 227
penguin 0.9966 69 135 140 224
