turtle 0.9854 143 128 239 193
turtle 0.5 140 123 234 190
turtle 0.955 141 127 238 192
turtle 1.0 145 127 240 189
turtle 0.9985 144 126 238 189
turtle 0.814 143 125 238 188
turtle 0.9995 145 126 240 188
turtle 1.0 142 125 239 189
turtle 1.0 142 125 240 190
turtle 0.8105 142 126 236 190
turtle 0.989 142 125 235 187
turtle 1.0 142 126 237 189
turtle 1.0 143 126 237 190
turtle 0.9976 146 125 237 187
turtle 0.9175 149 125 238 186
turtle 0.994 145 128 237 190
turtle 0.977 146 129 239 190
turtle 0.777 143 127 237 188
turtle 0.998 146 126 239 189
turtle 1.0 145 126 238 188
turtle 1.0 143 125 238 189
turtle 0.731 142 127 234 188
turtle 0.993 144 127 238 191
turtle 1.0 142 126 235 188
turtle 1.0 140 126 237 189
turtle 0.7954 145 125 239 186
turtle 0.7466 144 124 235 188
