dog 0.938 55 69 124 129
dog 0.686 56 70 124 126
dog 1.0 57 72 126 131
dog 0.9487 57 72 126 131
dog 1.0 56 71 125 129
dog 0.9995 56 72 126 128
dog 0.9966 56 72 125 129
dog 0.9883 56 72 126 127
dog 0.978 56 73 128 127
dog 1.0 62 71 128 130
dog 1.0 62 69 129 130
dog 1.0 58 72 125 129
dog 0.977 59 73 126 131
dog 1.0 56 72 124 129
dog 1.0 58 71 125 127
dog 1.0 59 73 125 128
dog 1.0 58 72 126 129
dog 1.0 56 72 126 129
dog 0.665 64 76 135 130
cheetah 0.9976 132 93 227 143
cheetah 0.998 131 93 227 143
cheetah 0.995 131 92 230 144
cheetah 1.0 130 93 228 144
cheetah 0.5566 132 91 233 144
dog 1.0 57 73 124 130
dog 0.9546 59 74 124 131
dog 0.9995 57 75 124 130
dog 0.9565 58 74 125 131
dog 0.512 60 77 129 132
cheetah 0.983 134 90 229 142
cheetah 1.0 133 90 231 142
cheetah 1.0 132 90 230 142
cheetah 1.0 133 90 233 145
cheetah 1.0 133 91 233 144
cheetah 1.0 130 91 233 143
cheetah 1.0 129 91 231 143
cheetah 0.838 143 93 232 144
cheetah 0.6836 135 89 234 146
fish 0.9985 107 156 199 233
fish 1.0 100 159 197 237
fish 0.9995 101 151 200 232
fish 0.9995 104 158 198 235
fish 0.9995 105 147 204 230
fish 1.0 107 148 203 230
fish 1.0 106 148 206 231
fish 0.78 107 149 203 230
fish 0.9995 104 147 198 228
fish 1.0 104 148 199 228
fish 1.0 106 146 202 230
fish 1.0 106 146 202 230
fish 0.9995 105 149 199 230
fish 1.0 104 150 200 231
fish 1.0 106 149 201 229
fish 0.9814 108 150 203 228
fish 0.805 105 147 201 229
fish 1.0 106 146 201 229
fish 1.0 106 144 204 229
fish 0.9395 106 146 201 228
fish 0.845 106 148 201 229
fish 0.9995 105 146 200 228
fish 1.0 106 146 201 230
fish 1.0 105 144 200 231
fish 0.9644 104 150 198 229
fish 1.0 102 147 197 227
fish 1.0 105 150 200 229
fish 0.992 108 151 202 230
fish 0.781 104 151 197 232
fish 0.9673 107 149 201 229
fish 0.9834 106 151 199 230
