tiger 0.9985 147 29 207 62
tiger 0.996 149 28 209 62
tiger 0.9995 149 29 208 61
tiger 0.7974 150 27 209 63
tiger 0.4917 145 25 209 59
tiger 0.9995 151 28 210 60
tiger 0.925 149 30 211 63
rat 0.961 221 83 278 123
rat 0.9937 227 84 282 124
rat 1.0 224 88 279 126
rat 0.9995 224 87 279 126
rat 0.9917 222 87 280 126
rat 0.9995 224 87 280 126
rat 0.997 224 86 280 123
rat 0.57 223 86 282 125
goat 0.984 162 127 288 237
goat 0.9844 170 132 289 233
goat 0.9946 166 131 286 236
goat 0.9985 165 128 284 233
goat 1.0 170 129 294 234
goat 1.0 169 132 288 236
goat 1.0 166 127 287 236
goat 1.0 165 129 282 236
goat 0.5537 171 132 286 229
goat 0.7812 168 128 283 230
goat 0.845 170 126 285 230
goat 0.965 168 131 283 235
goat 0.994 171 131 289 238
goat 0.999 165 130 283 234
goat 1.0 168 130 288 234
goat 1.0 163 132 284 234
goat 1.0 167 126 290 230
goat 1.0 162 125 283 228
goat 1.0 167 136 286 238
goat 0.644 166 130 285 232
