goat 0.993 197 170 275 239
goat 0.885 197 164 277 237
goat 0.5913 193 162 278 234
goat 0.8413 192 162 278 237
goat 1.0 196 162 280 235
goat 1.0 195 162 277 237
goat 1.0 196 163 278 237
goat 0.8325 194 163 276 237
goat 1.0 194 166 276 239
goat 1.0 192 163 276 238
goat 0.9995 192 163 275 237
goat 1.0 194 162 286 237
goat 1.0 195 161 282 238
goat 0.919 194 160 279 235
goat 1.0 192 161 280 236
goat 1.0 196 162 278 236
goat 1.0 195 161 278 235
goat 1.0 195 161 277 235
goat 1.0 193 161 277 237
goat 1.0 195 162 276 236
goat 1.0 195 160 278 235
goat 1.0 194 160 278 235
goat 0.5815 200 163 279 232
goat 0.959 194 165 276 237
goat 1.0 195 160 277 234
goat 1.0 195 162 277 235
goat 1.0 196 162 277 234
goat 0.56 196 165 277 238
goat 1.0 193 161 277 238
goat 0.999 195 163 277 238
goat 0.9995 194 163 278 237
goat 0.741 198 169 275 240
