cat 0.992 192 20 247 58
penguin 1.0 122 16 204 125
penguin 1.0 119 18 206 128
cat 0.989 186 20 245 62
cat 0.9976 192 21 246 58
cat 0.999 193 21 247 59
cat 0.9805 189 20 248 58
cat 0.9995 189 21 245 58
cat 0.81 194 18 250 60
penguin 0.898 112 27 198 123
penguin 0.9893 119 16 201 120
penguin 1.0 119 16 202 125
penguin 0.9995 118 18 199 123
penguin 0.9775 120 12 205 121
penguin 1.0 120 11 204 124
penguin 0.9995 121 12 208 122
penguin 0.52 122 14 209 118
penguin 0.9995 119 15 201 119
cat 0.995 192 19 245 55
penguin 0.9956 115 19 200 120
penguin 1.0 116 14 203 123
penguin 1.0 117 18 199 123
penguin 0.9995 118 16 202 122
penguin 1.0 118 14 206 124
penguin 1.0 121 14 203 120
penguin 0.999 119 17 203 123
penguin 0.934 120 15 204 118
penguin 1.0 119 15 200 121
penguin 1.0 118 13 203 122
penguin 0.996 119 17 204 124
penguin 1.0 120 12 207 125
penguin 0.999 116 15 205 122
penguin 0.7666 120 17 207 122
penguin 0.8857 116 22 203 125
penguin 0.947 117 21 200 122
penguin 0.9917 119 17 206 122
dog 0.9956 197 102 287 186
dog 0.9995 190 103 284 189
dog 0.729 192 103 288 185
dog 0.981 195 104 287 183
dog 0.9336 191 101 288 186
dog 0.8135 193 103 287 186
dog 1.0 195 103 288 186
dog 1.0 194 103 288 187
dog 1.0 195 102 287 187
dog 0.887 190 102 286 186
dog 1.0 192 99 287 184
dog 1.0 189 103 285 187
dog 1.0 188 102 284 187
dog 0.5527 192 102 287 185
dog 0.998 188 102 287 185
dog 0.583 192 104 287 185
dog 0.9785 193 106 285 188
dog 0.993 193 105 286 187
dog 0.9893 187 104 289 187
dog 0.985 191 101 288 185
dog 1.0 192 102 288 184
dog 1.0 192 102 291 187
dog 1.0 193 103 289 186
dog 0.972 192 100 289 185
dog 1.0 191 102 288 185
dog 1.0 189 101 290 187
dog 0.9995 188 101 289 187
dog 0.968 186 100 286 187
dog 0.9946 188 102 285 182
dog 0.941 185 100 287 186
dog 1.0 192 102 290 185
dog 0.9243 188 108 282 187
dog 1.0 191 105 288 187
dog 0.8794 192 106 289 188
