rat 0.983 115 155 229 226
rat 0.998 114 148 231 223
rat 0.976 113 150 229 226
rat 0.997 113 150 229 223
rat 0.719 118 151 231 225
rat 0.9946 115 153 226 224
rat 1.0 112 147 227 225
rat 0.9844 112 148 225 225
rat 0.9995 114 149 227 223
rat 1.0 116 151 227 224
rat 1.0 117 151 228 225
rat 0.999 116 151 227 223
rat 1.0 115 150 226 223
rat 0.9995 116 150 227 222
rat 0.995 111 148 227 223
rat 0.991 117 146 226 220
rat 0.928 112 146 225 226
rat 0.9565 112 146 226 224
rat 0.9995 115 147 230 223
rat 0.8647 118 147 231 224
rat 1.0 118 146 231 223
rat 0.998 116 151 230 226
rat 0.9863 115 148 229 227
rat 0.9995 114 148 229 228
