octopus 0.9976 177 32 232 80
octopus 0.9927 177 31 234 78
octopus 0.7764 181 32 234 81
octopus 0.9243 178 31 236 80
octopus 0.9966 182 33 235 79
octopus 0.9985 175 31 233 81
octopus 1.0 177 31 233 80
octopus 1.0 179 32 234 79
octopus 0.9995 177 29 231 77
octopus 1.0 176 31 231 76
octopus 0.962 181 32 233 76
octopus 0.9927 176 28 232 78
octopus 0.989 175 29 233 79
octopus 0.9277 179 33 234 82
turtle 0.8716 88 213 173 273
turtle 0.997 87 212 174 270
turtle 1.0 87 211 173 270
turtle 1.0 88 212 173 270
turtle 0.9985 87 211 173 269
turtle 0.5493 88 210 174 269
turtle 1.0 85 209 173 270
turtle 1.0 85 210 172 270
turtle 0.5703 91 208 172 270
turtle 0.996 87 209 171 268
turtle 0.993 88 210 173 268
turtle 0.9253 87 211 169 271
turtle 0.992 87 213 172 271
turtle 0.9985 87 211 174 270
turtle 1.0 88 211 173 272
turtle 1.0 88 210 174 272
turtle 0.999 87 212 173 270
turtle 0.5713 90 211 175 269
turtle 1.0 87 211 173 271
turtle 1.0 87 212 172 271
turtle 0.9995 86 213 171 272
turtle 0.9995 86 213 171 273
turtle 0.5674 92 215 173 271
