turtle 0.6343 70 134 172 211
turtle 0.9478 72 138 174 213
turtle 0.981 73 140 175 210
turtle 0.94 71 134 175 209
turtle 1.0 75 139 177 212
turtle 0.9834 74 140 174 210
turtle 1.0 74 138 178 209
turtle 1.0 75 139 180 211
turtle 1.0 75 139 180 211
turtle 1.0 71 142 177 210
turtle 1.0 70 140 177 213
turtle 1.0 70 139 176 213
turtle 0.8687 75 139 177 210
turtle 0.979 73 140 174 213
turtle 1.0 76 141 177 211
turtle 0.9976 74 142 175 210
turtle 1.0 73 142 176 212
turtle 1.0 74 140 180 213
turtle 1.0 75 141 182 212
turtle 0.999 69 140 177 210
turtle 1.0 70 138 175 208
turtle 1.0 70 140 173 209
turtle 0.759 79 145 176 211
turtle 0.844 71 142 174 213
turtle 0.965 73 142 177 213
turtle 0.5894 67 141 181 215
rabbit 0.9995 125 192 227 281
rabbit 0.998 125 190 224 278
rabbit 0.79 132 194 224 273
rabbit 0.642 136 192 230 276
rabbit 0.6 130 197 225 277
rabbit 0.667 126 195 230 281
rabbit 0.947 126 197 225 282
rabbit 1.0 125 197 225 283
rabbit 1.0 125 196 226 285
rabbit 0.9995 125 196 227 286
rabbit 0.8545 126 197 226 282
rabbit 1.0 125 196 226 283
rabbit 1.0 126 197 226 283
rabbit 0.9995 126 196 227 283
rabbit 0.906 128 197 225 280
rabbit 0.9917 129 197 229 283
rabbit 0.9663 126 197 226 282
rabbit 0.8677 127 194 227 280
rabbit 0.773 127 198 225 283
rabbit 1.0 127 196 228 282
rabbit 1.0 128 194 229 283
rabbit 0.9995 128 193 231 282
rabbit 0.928 125 199 227 286
rabbit 1.0 126 198 225 283
rabbit 1.0 124 197 225 284
rabbit 1.0 125 196 225 283
rabbit 0.952 128 200 226 284
rabbit 0.999 128 198 224 281
rabbit 0.98 127 199 227 284
rabbit 0.999 130 193 226 280
rabbit 1.0 130 197 224 281
rabbit 0.966 134 202 227 282
rabbit 0.5967 131 201 226 282
