rat 0.996 225 171 284 211
rat 1.0 221 172 282 211
rat 1.0 220 171 282 211
rat 0.9995 217 168 282 211
rat 1.0 218 169 282 212
rat 0.5615 215 168 282 215
rat 0.726 220 167 284 209
rat 1.0 221 168 284 208
rat 0.9995 221 168 284 209
rat 0.9995 219 166 283 210
rat 0.993 217 166 283 211
penguin 0.9917 30 170 129 292
penguin 0.9966 29 170 130 294
penguin 1.0 30 173 132 298
penguin 0.749 26 174 127 288
penguin 1.0 29 169 133 301
penguin 1.0 26 167 132 298
penguin 1.0 27 169 129 293
penguin 0.999 28 173 126 290
penguin 0.997 27 173 131 296
penguin 0.9995 26 172 132 298
penguin 1.0 28 175 125 292
penguin 0.978 35 182 128 287
penguin 0.6416 29 182 132 302
penguin 0.8994 31 187 128 298
penguin 1.0 30 171 134 295
penguin 1.0 28 167 131 294
penguin 0.9927 28 167 131 292
penguin 1.0 32 165 132 296
penguin 1.0 27 168 128 298
penguin 1.0 27 165 130 291
penguin 1.0 18 162 116 295
penguin 0.6406 18 170 130 294
