cheetah 0.9585 204 137 290 187
cheetah 0.847 203 137 290 187
cheetah 0.9985 207 139 294 187
cheetah 0.9995 206 140 294 187
cheetah 0.9985 207 139 295 187
cheetah 0.996 206 139 294 186
cheetah 1.0 201 137 296 188
cheetah 1.0 200 136 297 188
cheetah 1.0 206 137 297 188
cheetah 1.0 205 138 299 188
cheetah 1.0 207 139 296 187
cheetah 1.0 204 140 297 187
cheetah 0.995 207 139 299 187
rat 0.9414 145 203 268 285
rat 0.992 148 203 270 285
rat 0.8223 146 205 264 282
rat 0.9766 152 204 273 286
rat 0.84 151 206 273 284
rat 0.98 152 207 268 287
rat 0.9673 146 208 263 289
rat 0.9946 145 206 264 286
rat 0.993 145 204 265 286
rat 0.9917 145 205 271 286
rat 0.856 145 206 269 287
rat 0.9746 150 208 265 287
rat 0.994 146 205 270 286
rat 0.8447 146 204 270 286
rat 0.9824 149 206 268 284
rat 0.9536 154 208 268 281
rat 0.949 149 206 262 283
rat 0.8604 145 205 265 284
rat 0.92 143 210 263 285
rat 0.9277 153 206 271 285
rat 0.874 150 209 273 288
rat 0.954 151 211 269 291
