fish 0.995 54 155 137 227
fish 0.9985 58 162 138 230
fish 0.796 55 161 131 224
fish 0.84 53 162 131 223
fish 1.0 55 160 134 227
fish 1.0 55 158 134 228
fish 1.0 55 161 133 227
fish 1.0 54 162 133 227
fish 1.0 57 158 137 225
fish 1.0 57 155 139 224
fish 1.0 58 159 138 226
fish 1.0 58 160 137 226
fish 0.795 58 158 135 221
fish 0.9497 56 160 134 221
fish 0.9136 56 163 130 226
fish 0.82 56 164 132 225
fish 1.0 56 160 132 226
fish 0.999 55 160 132 228
fish 1.0 55 161 132 226
fish 1.0 56 161 133 227
fish 1.0 58 161 135 226
fish 0.9995 57 161 136 227
fish 1.0 57 161 135 226
fish 1.0 55 161 134 225
fish 0.99 59 163 133 226
fish 0.99 59 162 134 226
fish 0.992 55 157 133 222
fish 0.999 53 159 133 224
tiger 0.899 106 231 175 271
tiger 0.998 109 233 181 272
tiger 1.0 111 234 180 271
tiger 1.0 109 232 178 270
tiger 1.0 111 232 177 269
tiger 0.998 111 231 179 270
tiger 0.996 108 231 180 269
tiger 0.978 108 233 179 271
tiger 1.0 110 232 178 269
tiger 0.996 111 233 179 272
elephant 0.506 152 42 287 137
elephant 1.0 150 50 291 141
elephant 1.0 147 51 285 144
elephant 1.0 152 51 293 142
elephant 1.0 143 48 284 144
elephant 1.0 150 47 284 145
