monkey 0.978 117 94 187 157
monkey 0.5405 113 86 190 159
monkey 0.9824 114 88 190 156
monkey 1.0 114 91 187 157
monkey 1.0 113 88 189 158
monkey 1.0 114 86 190 158
monkey 0.95 114 89 193 156
monkey 0.973 115 93 192 161
monkey 0.9233 118 86 194 155
monkey 0.9805 118 85 195 155
monkey 1.0 115 84 192 157
monkey 0.5176 112 81 191 156
monkey 1.0 116 84 190 157
monkey 1.0 114 85 190 157
monkey 1.0 115 86 190 156
monkey 1.0 118 86 190 154
monkey 1.0 114 87 189 156
monkey 1.0 114 87 189 156
monkey 1.0 115 84 192 156
monkey 0.996 116 86 193 158
monkey 1.0 115 84 192 156
monkey 1.0 116 83 193 156
monkey 0.812 115 87 191 157
monkey 0.9873 115 89 191 156
monkey 0.9946 117 88 192 157
monkey 0.9995 115 87 191 157
monkey 1.0 117 89 189 156
monkey 1.0 115 85 191 155
monkey 1.0 114 87 191 157
monkey 0.998 115 87 189 156
monkey 0.941 116 87 191 159
monkey 0.9976 116 88 190 158
monkey 0.9976 116 88 191 158
monkey 0.988 115 86 190 157
turtle 0.994 35 203 129 268
turtle 0.5474 34 201 125 266
turtle 0.9863 33 202 126 267
turtle 0.992 31 204 125 268
turtle 0.874 34 201 125 268
turtle 0.5654 30 204 123 265
turtle 1.0 31 203 129 267
turtle 0.999 31 203 128 266
turtle 0.912 33 204 129 266
turtle 0.997 34 205 129 267
turtle 1.0 33 203 129 267
turtle 1.0 33 203 129 267
turtle 0.9355 30 204 124 267
turtle 0.9946 33 204 124 264
turtle 1.0 31 203 125 267
turtle 1.0 31 202 124 267
turtle 0.999 30 202 124 267
turtle 0.914 33 202 124 267
turtle 0.9272 32 207 125 270
turtle 0.909 32 208 126 269
turtle 0.6333 31 205 126 267
turtle 0.9976 33 203 127 265
turtle 1.0 33 203 128 267
turtle 1.0 32 202 127 267
turtle 0.8027 29 203 122 264
turtle 0.997 29 203 123 264
turtle 1.0 28 201 121 264
turtle 1.0 28 201 122 265
