rat 0.9165 180 146 251 196
rat 0.98 180 146 250 196
rat 0.709 174 146 239 192
rat 0.9995 183 146 257 197
rat 1.0 186 148 257 197
rat 0.988 179 147 251 197
rat 1.0 180 146 254 197
rat 1.0 179 146 254 197
rat 1.0 177 146 248 194
rat 1.0 178 146 249 195
rat 0.953 179 146 253 197
rat 0.785 180 146 253 196
rat 0.993 180 144 253 192
rat 1.0 181 144 254 193
rat 0.999 180 144 254 194
rat 0.933 178 146 248 195
rat 0.656 177 145 248 194
cheetah 0.559 158 247 212 279
cheetah 0.5522 160 245 213 277
cheetah 0.8247 165 245 215 276
cheetah 0.9336 158 247 211 277
