dog 0.837 92 90 222 200
dog 0.766 96 95 221 208
dog 0.5376 105 97 231 210
dog 0.7856 108 95 233 202
dog 0.992 99 90 230 207
dog 0.9995 100 91 234 207
dog 0.9995 100 90 231 206
dog 0.9985 100 94 231 209
dog 0.996 98 94 227 205
fish 0.993 109 197 170 246
fish 0.618 105 183 178 245
fish 0.9663 107 192 170 242
rat 0.9404 155 190 214 233
fish 0.995 107 192 168 245
fish 1.0 112 194 170 245
fish 1.0 105 193 168 245
fish 0.9062 103 191 173 250
fish 1.0 106 193 169 245
fish 1.0 107 193 169 245
fish 0.587 111 189 176 240
fish 0.9976 113 191 175 240
fish 0.9946 116 192 175 240
rat 0.9023 138 193 203 239
rat 0.992 141 195 200 237
rat 1.0 155 198 218 237
rat 1.0 156 200 217 238
rat 0.999 157 200 214 238
rat 0.9995 157 201 214 240
fish 0.9995 104 191 169 242
fish 0.999 106 190 169 244
fish 0.829 104 193 170 246
fish 0.629 109 191 177 245
fish 0.8877 108 194 174 244
rat 0.9995 154 197 220 237
rat 0.9565 156 198 220 239
fish 0.873 101 189 168 246
dog 0.9995 99 99 228 211
dog 1.0 95 102 226 215
dog 1.0 99 93 231 206
dog 1.0 99 93 230 208
dog 0.9536 103 93 228 205
dog 1.0 101 97 234 212
dog 1.0 93 90 227 212
dog 1.0 104 102 235 213
dog 1.0 99 98 229 210
dog 1.0 106 96 231 208
